0.822486	3.173160	0.578528	0.280478
0.835172	4.332717	0.915299	0.312612
0.858144	5.108629	0.182232	4.175101
0.842759	4.585047	1.340913	2.156942
0.835900	4.259791	1.632348	3.936378
0.825489	3.978221	0.937196	0.648611
0.826206	4.055737	1.095073	1.398476
0.819418	3.876273	0.830151	0.227303
0.820753	3.989768	0.757168	0.225611
0.816672	3.873721	1.107247	1.614623
0.815274	3.845803	0.825707	0.245984
0.821889	4.055960	2.007365	5.930612
0.823056	4.257314	0.654752	0.994778
0.822456	4.172886	0.495126	1.709494
0.823208	4.202501	1.288115	2.206194
0.828688	4.560622	1.129698	1.097717
0.830468	4.682179	1.667560	3.697206
0.830223	4.628294	1.041360	0.599899
0.827165	4.516985	0.748967	0.765072
0.823127	4.413984	1.002966	0.594839
0.823250	4.388529	0.650462	1.134018
0.823388	4.332037	1.004131	0.674373
0.823405	4.305793	0.655974	1.035006
0.822945	4.324354	1.274982	2.006134
0.825600	4.316691	0.949657	0.411564
0.829508	4.488976	1.019415	0.605030
0.831332	4.511153	1.051434	0.759353
0.830915	4.458128	0.875788	0.072449
0.831148	4.449599	1.012315	0.607100
0.830109	4.462673	0.842964	0.253188
0.831704	4.547633	1.310723	1.994599
0.830835	4.501836	1.145995	1.224066
0.831974	4.569169	1.064539	0.759466
0.832346	4.538502	1.489967	2.920762
0.834052	4.603818	1.643820	3.644311
0.833902	4.575466	0.856623	0.273543
0.835477	4.556288	1.044180	0.689621
0.836104	4.536665	1.222801	1.609358
0.835790	4.526346	1.454523	2.785514
0.836745	4.537993	0.897532	0.026451
0.836132	4.517956	1.366513	2.345120
0.836896	4.528634	0.893787	0.035208
0.837428	4.559127	1.065702	0.797213
0.835526	4.516852	1.312031	2.070698
0.834360	4.477667	1.610566	3.607789
0.834251	4.487328	0.937057	0.216568
0.834115	4.463642	1.398137	2.556950
0.833242	4.451126	0.977750	0.457671
0.832828	4.444115	1.587910	3.521378
0.833098	4.433187	0.872612	0.058446
0.833276	4.426361	0.886408	0.017167
0.835282	4.456336	0.784741	0.516547
0.834622	4.430103	1.115857	1.169492
0.835890	4.469174	0.719923	0.855556
0.835818	4.464401	0.751623	0.690682
0.835175	4.441237	1.237208	1.771277
0.835031	4.427780	1.167950	1.437923
0.834103	4.396749	0.880576	0.023442
0.834959	4.453949	0.406268	2.413536
0.835407	4.461107	0.886512	0.006011
0.835317	4.445689	0.947520	0.310554
0.835717	4.435439	1.273324	1.954030
0.836136	4.433100	0.763686	0.601885
0.835412	4.411675	0.581630	1.497602
0.835342	4.410463	0.549769	1.656284
0.835792	4.398767	0.940781	0.319265
0.835798	4.377685	0.473101	2.005763
0.836884	4.408165	1.197122	1.600303
0.835562	4.384133	1.026431	0.757101
0.835352	4.373336	0.719577	0.769875
0.835995	4.398247	0.791164	0.434836
0.835956	4.394177	0.830217	0.236973
0.834978	4.368263	1.487788	3.073531
0.835413	4.372054	1.233790	1.795952
0.835914	4.406880	0.429245	2.259030
0.836299	4.414761	0.930426	0.240569
0.836455	4.408997	0.888873	0.040833
0.836534	4.434283	0.817045	0.343591
0.836665	4.453239	1.319918	2.150767
0.836676	4.454808	0.992045	0.510459
0.836636	4.443325	0.538944	1.743669
0.837116	4.458907	0.814981	0.375579
0.836444	4.437939	0.845754	0.201203
0.836560	4.446633	0.646808	1.206751
0.836219	4.436712	1.070550	0.926255
0.837133	4.454095	0.446303	2.217062
0.837825	4.495739	0.815158	0.407995
0.837981	4.498403	0.970427	0.367930
0.838791	4.568792	0.634900	1.383513
0.838911	4.579577	0.893964	0.092538
0.839313	4.585841	0.810694	0.516653
0.839001	4.573244	0.818219	0.469448
0.838721	4.572285	1.005534	0.469346
0.838595	4.563185	0.129703	3.913317
0.838002	4.543697	0.550197	1.788347
0.837842	4.543101	0.563403	1.720743
0.837693	4.532345	0.957645	0.264817
0.837646	4.521371	1.133594	1.155898
0.837421	4.511684	0.597956	1.516819
0.836943	4.501040	1.114357	1.078027
0.836698	4.491786	0.788205	0.549625
0.836204	4.478635	0.964663	0.344465
0.836785	4.499584	0.830775	0.345592
0.835951	4.478889	0.934858	0.190564
0.836378	4.506534	1.171502	1.346540
0.836122	4.495792	0.989038	0.444002
0.835884	4.493064	1.914155	5.067008
0.835867	4.486073	0.985163	0.433733
0.835301	4.468938	1.055565	0.802307
0.834340	4.449806	1.629994	3.685862
0.834438	4.447704	0.998436	0.536577
0.834302	4.438731	1.010174	0.603670
0.834420	4.432688	0.956571	0.342964
0.834600	4.427584	0.874669	0.060350
0.834561	4.420094	1.480727	2.971276
0.833859	4.404687	0.792560	0.449446
0.834146	4.418453	1.235990	1.753484
0.834341	4.416831	0.880761	0.017796
0.833437	4.399012	1.449190	2.836549
0.833829	4.421868	0.972280	0.433350
0.834212	4.428703	1.179777	1.465664
0.834501	4.436748	0.840408	0.237109
0.834298	4.427226	1.449035	2.812023
0.833884	4.418945	1.585193	3.498016
0.834270	4.435961	1.237402	1.747359
0.833811	4.421415	1.054201	0.845506
0.833963	4.415737	0.915857	0.162689
0.834065	4.428410	1.497472	3.059150
0.833308	4.412933	0.667932	1.073992
0.833382	4.407979	0.802547	0.395818
0.833373	4.401268	0.739008	0.706732
0.833343	4.395274	0.881045	0.009237
0.833539	4.386448	0.827989	0.247981
0.833016	4.379723	1.141012	1.320365
0.832871	4.375512	1.031206	0.776820
0.832994	4.373832	0.872218	0.013693
0.832742	4.374893	1.317953	2.209656
0.832546	4.364574	0.781023	0.463748
0.832684	4.380397	0.954741	0.390525
0.832986	4.392647	1.294259	2.076110
0.833015	4.389744	1.098399	1.099926
0.833492	4.398621	0.884330	0.022000
0.833632	4.393216	1.457478	2.893460
0.833645	4.397942	0.901107	0.106661
0.833908	4.412490	0.864940	0.085451
0.833711	4.410702	0.236126	3.229940
0.834083	4.409448	0.782840	0.492952
0.834418	4.407991	0.822385	0.293493
0.834867	4.428425	1.522815	3.192627
0.834935	4.433662	1.016464	0.651567
0.834680	4.422963	0.296937	2.937662
0.834895	4.424821	1.023369	0.696280
0.834714	4.416593	0.865987	0.084280
0.834671	4.408853	0.831851	0.247244
0.834343	4.397022	1.186461	1.536069
0.834716	4.433994	1.211998	1.630494
0.834632	4.425162	1.018107	0.669979
0.834717	4.420234	1.116410	1.167297
0.835132	4.428509	0.297434	2.939231
0.835078	4.429713	0.846480	0.191569
0.835054	4.427923	0.715153	0.847469
0.835006	4.423149	1.435969	2.766756
0.835104	4.419618	0.860704	0.109277
0.834627	4.408303	0.435216	2.229590
0.835044	4.413937	0.540732	1.705948
0.834915	4.408401	1.469184	2.947212
0.834912	4.400852	0.944129	0.326075
0.834673	4.402084	0.952963	0.370087
0.834787	4.406481	0.360466	2.601314
0.834763	4.404295	1.182202	1.516995
0.834570	4.396265	0.909302	0.156224
0.834218	4.386476	1.257646	1.906523
0.834362	4.380525	0.830302	0.224779
0.834157	4.371437	1.438267	2.828577
0.834124	4.368271	0.439013	2.170621
0.833830	4.359686	0.444101	2.137353
0.833985	4.358631	0.906464	0.178108
0.833841	4.350487	0.853501	0.078757
0.834188	4.358058	1.168692	1.492521
0.834459	4.361997	1.182335	1.558030
0.834616	4.362745	0.921144	0.250769
0.834449	4.366022	0.844308	0.137704
0.834212	4.362949	0.839904	0.158000
0.833841	4.353741	1.584711	3.577278
0.833925	4.354807	0.907735	0.188098
0.833976	4.365423	0.422931	2.248421
0.834312	4.375899	1.635677	3.815277
0.834126	4.374650	0.705346	0.842393
0.834146	4.369873	1.321189	2.245803
0.834102	4.368085	1.961463	5.450853
0.834297	4.367579	1.321967	2.250511
0.834354	4.365677	1.081442	1.049420
0.834298	4.361058	0.940444	0.347467
0.834306	4.369774	0.846462	0.130446
0.834049	4.360944	1.398534	2.643284
0.833788	4.355871	1.579149	3.552494
0.834274	4.385066	0.769079	0.532792
0.834116	4.376899	0.833147	0.205224
0.834075	4.369484	0.769816	0.515567
0.834010	4.365819	0.899499	0.136762
0.833813	4.359185	0.802403	0.342927
0.834053	4.363402	0.830038	0.206780
0.834008	4.363379	0.979747	0.542189
0.834500	4.373495	0.833607	0.198782
0.834276	4.364408	1.071075	0.998245
0.834094	4.362443	0.767852	0.518455
0.834261	4.363867	1.226005	1.774979
0.834433	4.363273	0.856369	0.073708
0.834463	4.360490	0.758101	0.562902
0.834461	4.359412	1.049840	0.900348
0.834017	4.349856	0.614932	1.270124
0.834319	4.357325	1.093671	1.120820
0.834237	4.354497	0.863367	0.029895
0.834303	4.350896	0.970606	0.510757
0.834076	4.346480	0.880875	0.065235
0.833944	4.338977	0.793928	0.363980
0.834028	4.338813	0.979079	0.563266
0.833978	4.336058	0.923663	0.289147
0.833914	4.331736	0.301601	2.821635
0.834101	4.335244	0.488024	1.891779
0.833849	4.327132	0.849142	0.077683
0.833689	4.320550	0.689615	0.869912
0.833419	4.314211	0.872756	0.051844
0.833372	4.309190	1.227498	1.831873
0.833580	4.310404	0.759149	0.512284
0.833595	4.306934	0.939110	0.391065
0.833680	4.305733	0.955981	0.476870
0.833886	4.310525	0.907232	0.228519
0.833835	4.307019	1.349144	2.441669
0.833841	4.308166	1.233506	1.860842
0.834013	4.315628	0.938995	0.380553
0.834038	4.319797	1.081653	1.089116
0.834354	4.324615	0.808383	0.281135
0.834056	4.320857	1.343243	2.397352
0.833780	4.321663	0.705493	0.794055
0.833667	4.316587	0.911785	0.242454
0.833483	4.312678	0.943195	0.404334
0.833093	4.304902	1.533794	3.363768
0.833013	4.301306	0.840262	0.099113
0.833336	4.313141	0.828630	0.168914
0.833332	4.310300	0.919011	0.287328
0.833321	4.304391	1.226834	1.832863
0.833377	4.303435	1.192860	1.665270
0.833257	4.299897	0.849804	0.047239
0.832934	4.291096	0.957643	0.499426
0.832758	4.289651	0.660751	0.984309
0.832701	4.285809	0.871807	0.075453
0.832580	4.283415	0.793660	0.313096
0.832572	4.284270	0.870703	0.071797
0.832691	4.295676	1.111837	1.267256
0.832761	4.293650	0.924316	0.330958
0.832894	4.299517	1.048258	0.946181
0.833197	4.305277	0.869534	0.046402
0.833118	4.302470	0.855567	0.022201
0.832938	4.296393	0.855300	0.018474
0.833139	4.311198	0.606871	1.275627
0.833181	4.307627	0.678330	0.915263
0.833229	4.307889	0.919545	0.291422
0.833211	4.308182	1.428881	2.839720
0.833149	4.306372	0.991302	0.651747
0.833040	4.300152	0.964443	0.521933
0.833212	4.303644	0.899385	0.193695
0.832889	4.297786	0.593444	1.331529
0.832871	4.292954	0.655326	1.017391
0.833125	4.306996	0.608975	1.262323
0.833076	4.302428	0.950645	0.450280
0.833255	4.306322	1.449159	2.941339
0.833220	4.302457	0.789321	0.355469
0.833182	4.304538	0.409142	2.258936
0.833180	4.308369	0.827376	0.171751
0.832744	4.300214	0.747245	0.564953
0.832964	4.302406	1.043068	0.913014
0.832919	4.297289	0.920262	0.304148
0.833126	4.300267	0.816154	0.219019
0.833197	4.298073	0.779602	0.399785
0.833563	4.305746	0.757386	0.517816
0.833509	4.301802	1.029213	0.845031
0.833558	4.299693	0.779421	0.402359
0.833562	4.297040	1.230094	1.855247
0.833625	4.295557	0.814408	0.222235
0.833614	4.297230	1.204741	1.727982
0.833735	4.298202	0.811274	0.241022
0.833737	4.296725	0.958680	0.497856
0.833695	4.294073	1.088085	1.147183
0.833705	4.292673	0.800325	0.289440
0.833727	4.291682	0.796578	0.307058
0.833533	4.286388	0.818565	0.192665
0.833476	4.285914	1.012417	0.777364
0.833514	4.283873	0.516204	1.702014
0.833660	4.285903	1.340973	2.423076
0.833742	4.290338	0.828582	0.143949
0.833876	4.296886	0.976796	0.591593
0.834123	4.302184	0.852007	0.038017
0.834242	4.306975	0.876744	0.081009
0.834206	4.306242	0.936300	0.380764
0.834194	4.309723	1.377235	2.582783
0.834321	4.309784	1.020377	0.797601
0.834380	4.308177	0.869282	0.042987
0.834345	4.303482	0.849546	0.051174
0.834200	4.299049	0.997618	0.693257
0.834077	4.293475	0.807349	0.253968
0.834206	4.301427	1.031629	0.860564
0.834385	4.303257	0.754373	0.527856
0.834688	4.313724	0.743698	0.591440
0.834482	4.309266	0.681524	0.898585
0.834479	4.306286	0.929116	0.344276
0.834422	4.303690	1.494789	3.177717
0.834327	4.298441	0.765233	0.468865
0.834358	4.297536	0.817078	0.209103
0.834363	4.298474	1.062865	1.020115
0.834210	4.296600	0.750525	0.541253
0.834347	4.297424	0.913322	0.272490
0.834373	4.297446	0.983237	0.621858
0.834399	4.297720	0.970671	0.558334
0.834289	4.294017	0.901686	0.217135
0.834258	4.293269	0.732225	0.629827
0.834194	4.293087	1.019795	0.808890
0.834168	4.300310	1.429686	2.851385
0.834336	4.297413	0.903580	0.222731
0.834178	4.292336	1.333402	2.376890
0.834128	4.294062	0.863314	0.023343
0.834085	4.290042	1.823071	4.827523
0.834132	4.289936	0.615429	1.211883
0.834406	4.291753	0.611329	1.234228
0.834439	4.290440	0.781053	0.383702
0.834623	4.293859	0.835701	0.113891
0.834550	4.290272	1.312970	2.276796
0.834500	4.289738	0.854425	0.015864
0.834527	4.289423	0.751546	0.530046
0.834650	4.294094	1.092537	1.171437
0.834632	4.290047	0.866264	0.043080
0.834515	4.287134	0.874276	0.085754
0.834548	4.284626	1.061626	1.025015
0.834584	4.282407	1.229123	1.865091
0.834591	4.279583	0.848630	0.035682
0.834793	4.280510	0.920785	0.325307
0.834721	4.279116	0.820460	0.175347
0.834559	4.275434	1.118876	1.319681
0.834417	4.274490	1.042086	0.936346
0.834384	4.275943	1.582917	3.637922
0.834413	4.275351	0.833804	0.106770
0.834534	4.275948	0.952446	0.486559
0.834433	4.273901	0.972073	0.585407
0.834496	4.271080	1.169584	1.576618
0.834572	4.270253	1.236986	1.914196
0.834387	4.266005	0.971546	0.591307
0.834546	4.267305	0.647154	1.031722
0.834585	4.266493	1.377276	2.620465
0.834639	4.264633	0.698486	0.772104
0.834511	4.262669	0.731870	0.602965
0.834365	4.258802	1.250007	1.991027
0.834273	4.257024	0.892350	0.204424
0.834248	4.254824	0.846170	0.024588
0.834061	4.251685	0.949361	0.493100
0.833952	4.252680	0.631942	1.094028
0.833935	4.252354	0.866045	0.075568
0.833834	4.247553	0.610083	1.198732
0.833694	4.243446	0.729412	0.598095
0.833604	4.240252	0.832836	0.078129
0.833686	4.237982	1.027365	0.896806
0.933112	102.218020	0.252038	352.606756
0.939222	62.925528	0.254022	166.902643
0.938496	46.320895	0.264867	113.907046
0.922164	37.328869	-0.086423	76.639432
0.910314	32.210872	0.134524	16.881307
0.925252	31.852583	-0.044201	45.328122
0.912011	28.401571	0.235556	33.301354
0.917439	26.688835	-0.040812	36.069736
0.910649	24.653581	0.343513	45.721105
0.912972	23.405208	0.702951	106.568423
0.920090	23.359035	0.175909	6.293188
0.917631	22.297114	0.866927	111.919849
0.918548	21.755565	0.306838	22.244330
0.919791	21.022289	0.334837	23.688289
0.914241	20.199488	-0.171720	41.657047
0.912232	19.518272	0.530648	42.803173
0.912052	18.884407	0.325462	17.196275
0.912562	18.580295	-0.091974	28.236458
0.904168	17.953916	0.621358	43.986262
0.903454	17.561135	0.459859	26.103308
0.906278	17.713644	0.108360	7.888261
0.907927	17.595004	0.170249	2.819484
0.907396	17.312033	0.233281	2.104598
0.911109	17.446314	0.401429	14.659390
0.912389	17.336815	0.302388	5.943614
0.915600	17.365853	0.326220	6.850194
0.916695	17.515159	0.036646	14.888878
0.916191	17.417502	0.538250	19.874704
0.915185	17.168883	0.278914	1.535402
0.914813	16.932702	0.181693	5.125125
0.911842	16.642616	0.002311	16.496919
0.910739	16.550415	0.324813	3.341212
0.909915	16.431692	0.230796	2.692297
0.909878	16.218313	0.262157	1.034724
0.909693	16.038018	0.548232	14.885501
0.908002	15.792799	0.265923	1.175499
0.906771	15.651496	0.193930	5.252358
0.908963	15.933768	0.440002	7.098021
0.907198	15.779429	0.132859	8.986586
0.907592	15.687764	0.080236	11.677813
0.907358	15.604221	1.139044	40.074829
0.907107	15.501873	-0.141448	22.268426
0.909245	15.804177	0.247430	4.212087
0.909195	15.798147	-0.117222	21.178434
0.908731	15.678098	0.437942	4.022957
0.906839	15.510141	0.380356	1.267964
0.906350	15.423854	0.223755	5.740856
0.905278	15.317516	0.255285	4.473520
0.905980	15.337232	0.876323	21.210554
0.905636	15.310191	0.594423	9.048223
0.906308	15.186685	0.421064	1.772286
0.905813	15.086436	0.226841	6.104369
0.906316	15.005324	0.375804	0.369460
0.904921	14.877027	0.444419	2.152157
0.904494	14.804682	-0.230751	23.507590
0.905000	14.739358	0.215005	6.754611
0.904664	14.636062	0.189005	7.723332
0.905458	14.613083	0.463802	2.099509
0.905131	14.500056	1.124307	25.421191
0.904465	14.436932	0.417019	0.157997
0.904863	14.471686	0.466484	1.624489
0.905232	14.438805	0.298937	4.264986
0.905110	14.395906	0.520097	3.064796
0.904615	14.358022	0.143630	9.600842
0.903925	14.291330	0.362989	2.426741
0.904833	14.316682	0.516740	2.358407
0.904395	14.255363	1.103092	20.890056
0.903654	14.153403	0.506501	1.781734
0.904591	14.237399	0.344510	3.528681
0.904219	14.237586	0.182262	8.640168
0.905161	14.250389	0.556569	2.638230
0.904268	14.183413	0.856150	11.490422
0.903334	14.098797	0.613964	4.100079
0.903731	14.082510	0.357971	3.589909
0.903742	14.025530	0.544823	1.767221
0.903368	13.980615	0.806650	9.146833
0.903545	13.978449	0.652295	4.523865
0.903164	13.920373	0.615653	3.357876
0.902880	13.846910	-0.243389	20.605863
0.902872	13.795414	0.421338	2.214625
0.902506	13.794082	0.747553	6.544715
0.903228	13.816559	0.613848	2.719790
0.902964	13.796168	0.476480	1.086708
0.902805	13.751504	0.846652	8.611711
0.903469	13.761121	0.545155	0.503115
0.903995	13.730313	1.167087	16.520505
0.904111	13.685595	0.572334	1.011013
0.904284	13.655651	-0.205895	18.894941
0.904543	13.615288	0.348755	4.821673
0.904026	13.548248	0.485936	1.405288
0.903751	13.493145	0.428133	2.888652
0.903967	13.483023	0.726291	4.352608
0.902659	13.421947	0.333468	5.305197
0.903439	13.455592	1.035971	11.550855
0.902622	13.400389	0.759214	4.769992
0.902241	13.350060	0.489814	1.725604
0.901626	13.324894	1.049982	11.391857
0.901887	13.377918	0.369199	4.757430
0.901857	13.351169	0.765645	4.383912
0.901714	13.312731	0.064348	11.833855
0.901595	13.266470	0.602512	0.473990
0.901879	13.489230	0.515513	1.822330
0.901915	13.517287	1.384657	17.582420
0.902374	13.668026	0.818493	4.579311
0.901740	13.608391	0.769860	3.425295
0.900662	13.546295	0.474979	3.115664
0.901447	13.701665	0.629177	0.017190
0.901670	13.681182	0.915699	6.144468
0.901562	13.657959	0.887319	5.416114
0.901416	13.620591	0.401821	5.043587
0.902303	13.869000	0.832425	3.779438
0.903030	14.003016	0.684528	0.412606
0.903888	14.080122	0.078453	12.438760
0.903848	14.027137	0.796362	2.521217
0.903707	13.992828	0.823535	3.007252
0.903538	13.972639	0.824372	2.932949
0.903781	13.978289	0.509603	3.595973
0.903566	13.930507	1.351861	13.430735
0.903505	13.888253	0.106738	11.741347
0.903454	13.856691	0.508916	3.684695
0.903702	13.893834	0.570391	2.563393
0.903782	13.860544	0.927107	4.443452
0.904063	13.891893	0.710102	0.042514
0.903903	13.842085	1.207542	9.710322
0.904115	13.829477	0.829736	2.258569
0.903940	13.788670	0.547862	3.228630
0.903856	13.747521	0.976195	4.958503
0.903984	13.713646	0.914801	3.717394
0.903159	13.662080	0.465597	4.842864
0.903021	13.629518	0.731260	0.143410
0.902981	13.630483	0.563342	3.080792
0.902757	13.608847	1.150353	7.810714
0.903037	13.588991	0.441619	5.410649
0.903242	13.582541	0.892593	2.859780
0.903154	13.546581	0.463535	5.054142
0.903000	13.522271	0.727559	0.263362
0.903339	13.508328	0.482972	4.753154
0.903594	13.517000	0.595215	2.784972
0.903380	13.482896	1.005177	4.547017
0.903325	13.473675	0.940498	3.309284
0.903656	13.510535	0.839337	1.390410
0.903406	13.478630	0.748737	0.253301
0.903353	13.450756	0.935654	2.992298
0.903730	13.452410	0.665149	1.820512
0.903624	13.433430	0.762839	0.159785
0.903828	13.405347	0.437420	5.830948
0.903913	13.411194	0.641609	2.355003
0.903854	13.402492	0.694751	1.488101
0.904500	13.503173	0.800857	0.167207
0.904204	13.480043	0.999084	3.492762
0.904651	13.553391	0.884475	1.403383
0.905115	13.581087	0.886290	1.338510
0.905227	13.575916	0.856270	0.771027
0.905387	13.571840	0.248309	9.430124
0.905640	13.563380	1.174019	5.931292
0.905289	13.546899	1.045415	3.732376
0.905295	13.561098	0.825123	0.016906
0.905529	13.560671	0.717106	1.811609
0.905712	13.541626	0.520313	5.054556
0.905701	13.534412	0.414179	6.807271
0.906127	13.569677	0.265826	9.270221
0.906235	13.552842	0.786030	0.894402
0.906135	13.549728	0.500574	5.522154
0.906575	13.552337	1.135786	4.587739
0.906366	13.535009	0.907569	0.898863
0.906017	13.506591	0.415817	6.920600
0.905694	13.477406	2.153742	20.491559
0.905877	13.526347	1.111180	3.931987
0.905350	13.490486	1.160478	4.666693
0.904806	13.452221	0.870806	0.117250
0.904314	13.418160	0.691634	2.684791
0.904188	13.407907	1.678246	12.531977
0.904367	13.388435	1.145648	4.251314
0.904400	13.387531	1.824782	14.597132
0.904373	13.367673	1.371190	7.579338
0.904289	13.355057	1.648995	11.739580
0.904557	13.342661	1.091514	3.207549
0.904978	13.448095	1.391535	7.572663
0.905084	13.435731	0.866086	0.401630
0.904676	13.405266	1.107034	3.192685
0.904753	13.439146	1.119436	3.280491
0.905094	13.448399	0.777020	1.885327
0.905234	13.444618	1.272715	5.424495
0.905327	13.442176	0.845522	0.951892
0.905007	13.413855	0.819065	1.358360
0.904913	13.403682	0.923767	0.143123
0.904783	13.383594	1.545686	9.203191
0.904750	13.365778	0.879335	0.561536
0.904611	13.350623	0.215515	10.223427
0.904758	13.364558	0.841624	1.193684
0.904637	13.344670	0.895314	0.441839
0.904507	13.317489	1.404313	6.852885
0.904740	13.343795	1.132397	2.867444
0.905171	13.418767	0.926355	0.199083
0.905658	13.608481	1.274656	4.524230
0.905698	13.633628	1.066931	1.493147
0.905692	13.626066	1.397649	6.125065
0.905710	13.628475	0.939394	0.396785
0.905959	13.634909	0.738706	3.262604
0.905646	13.639117	1.005306	0.430318
0.905581	13.646921	1.336310	4.994535
0.905652	13.641535	1.315737	4.656317
0.905832	13.656712	0.597536	5.372975
0.905608	13.634913	0.542291	6.141853
0.905739	13.652367	0.985574	0.076232
0.906000	13.683678	1.298645	4.151092
0.906280	13.695610	1.678550	9.285611
0.906291	13.687698	0.891173	1.523071
0.906272	13.673879	0.947627	0.775844
0.906250	13.663209	1.075346	0.929608
0.906593	13.700472	1.236671	3.033805
0.906384	13.684940	0.893598	1.628764
0.906593	13.683994	1.252687	3.167035
0.906680	13.693331	1.419055	5.343109
0.906685	13.682161	0.679855	4.590055
0.906479	13.658979	1.120342	1.280438
0.906650	13.650216	0.707315	4.245874
0.906725	13.630054	0.972413	0.737431
0.906516	13.610548	1.223432	2.562741
0.906715	13.601090	0.951638	1.055020
0.906851	13.592363	0.762674	3.565586
0.906636	13.574799	1.191252	2.041824
0.906779	13.567746	0.977923	0.782834
0.906995	13.574580	0.801632	3.122584
0.907129	13.562168	1.166157	1.601222
0.907092	13.545262	0.982616	0.803938
0.906973	13.528999	1.040073	0.079478
0.907119	13.529000	1.891408	10.863629
0.907044	13.510411	1.163409	1.451639
0.906849	13.487321	1.136527	1.088938
0.906737	13.477023	1.023453	0.386234
0.906772	13.470428	0.931835	1.583495
0.906764	13.467580	0.006171	13.389071
0.906742	13.455343	1.073464	0.167166
0.906863	13.443914	1.186541	1.575087
0.906918	13.430127	1.064606	0.010380
0.906761	13.410394	1.363723	3.761682
0.906614	13.388731	1.288610	2.795480
0.906645	13.418107	0.162503	11.382292
0.906775	13.433954	1.114643	0.495679
0.906665	13.426366	1.235895	1.980022
0.906429	13.408115	1.055637	0.281968
0.906538	13.409259	1.356412	3.415328
0.906771	13.412790	1.103562	0.241269
0.906844	13.411767	1.285205	2.450049
0.907068	13.409589	0.940266	1.832180
0.906963	13.395509	0.984581	1.302949
0.906498	13.370341	1.310186	2.680172
0.906526	13.352977	1.019613	0.892119
0.906533	13.347821	1.613233	6.320348
0.906378	13.327550	0.713462	4.650601
0.906407	13.314657	1.057657	0.482420
0.906551	13.312520	1.741272	7.765261
0.906640	13.302651	1.074927	0.320221
0.906768	13.299653	1.554737	5.434179
0.906652	13.294886	0.961459	1.736388
0.906471	13.286022	0.990084	1.411005
0.906477	13.275630	1.320323	2.526222
0.906319	13.259574	0.979167	1.567380
0.906493	13.256152	1.118729	0.073996
0.906434	13.258840	1.020963	1.120839
0.906741	13.282621	1.091155	0.338313
0.906974	13.306494	1.728406	7.153033
0.907053	13.303754	1.037598	1.048275
0.907071	13.292884	0.281273	9.978016
0.907247	13.284765	1.002643	1.493695
0.907309	13.293774	1.254349	1.427372
0.907382	13.295547	1.520464	4.511853
0.907199	13.281628	0.784169	4.117890
0.907402	13.311486	1.241717	1.169129
0.907627	13.338100	1.381143	2.736755
0.907760	13.353699	1.223417	0.855163
0.908098	13.397449	0.983311	1.998648
0.908150	13.422691	1.737293	6.673891
0.907914	13.401325	0.968137	2.225605
0.908057	13.404376	1.254673	1.050254
0.908016	13.387554	1.265408	1.159601
0.907958	13.374490	1.386839	2.535867
0.907712	13.356762	2.113194	10.836589
0.907445	13.341137	1.555287	4.429529
0.907394	13.329229	1.386908	2.484310
0.907601	13.349778	1.128566	0.507479
0.907519	13.340017	1.780744	6.883704
0.907536	13.339319	1.522476	3.917977
0.907191	13.317986	1.212081	0.393505
0.907462	13.344387	1.105224	0.864617
0.907417	13.341198	1.353053	1.907152
0.907474	13.327542	0.948890	2.654532
0.907571	13.327691	1.378898	2.152944
0.907416	13.314631	1.173279	0.167896
0.907642	13.333592	1.256440	0.719349
0.907867	13.362549	0.725657	5.261380
0.907660	13.342777	1.258159	0.677017
0.907672	13.326821	1.176692	0.239200
0.907596	13.311785	0.786746	4.578196
0.907464	13.296842	1.311227	1.231494
0.907297	13.279087	1.196624	0.046100
0.907285	13.271781	1.083099	1.316322
0.907381	13.295668	1.121833	0.934750
0.907537	13.327299	1.302884	1.003002
0.907472	13.321866	0.706368	5.567183
0.907419	13.310494	1.472266	2.822367
0.907703	13.349304	1.284287	0.699817
0.908007	13.376255	1.235352	0.114240
0.907910	13.378887	1.493390	2.899294
0.907778	13.361785	1.884885	7.148185
0.907876	13.357746	1.695012	5.054514
0.908020	13.356922	1.366396	1.459203
0.908107	13.353099	1.392063	1.714595
0.908145	13.345541	1.033088	2.182449
0.908343	13.345550	1.294917	0.623499
0.908358	13.333561	1.226520	0.126186
0.908264	13.322127	0.446219	8.525346
0.908350	13.315215	1.098228	1.529781
0.908517	13.317276	1.243733	0.007589
0.908560	13.332042	1.208370	0.407820
0.908707	13.343478	1.384846	1.443606
0.908596	13.327365	1.077758	1.838083
0.908346	13.308658	0.899106	3.740510
0.908420	13.307334	1.238035	0.152555
0.908192	13.290440	1.279183	0.278345
0.908038	13.278077	1.658002	4.279534
0.908046	13.274680	1.839913	6.176626
0.908006	13.262568	1.364304	1.136444
0.907778	13.253927	1.097705	1.687433
0.907835	13.271282	1.215660	0.482271
0.907814	13.255874	1.365164	1.083349
0.907894	13.256496	1.394756	1.370856
0.908166	13.291754	0.905428	3.809889
0.908121	13.277306	1.618643	3.646471
0.908076	13.266141	1.379070	1.129063
0.908177	13.266497	1.095037	1.853252
0.908325	13.271386	1.395698	1.252634
0.908306	13.263397	1.677908	4.171180
0.908181	13.267947	1.332962	0.560233
0.908103	13.252601	1.256407	0.239161
0.907779	13.235150	1.340681	0.628820
0.907891	13.229630	1.065247	2.230190
0.907669	13.215320	1.342473	0.623842
0.907739	13.206410	1.504200	2.277869
0.907661	13.202750	1.577537	3.010812
0.907858	13.212685	1.496895	2.149901
0.907919	13.226035	0.661134	6.450950
0.907893	13.216236	1.394032	1.047442
0.908091	13.230395	1.130348	1.681189
0.907919	13.218784	1.304498	0.089608
0.908136	13.235147	1.358396	0.603369
0.907995	13.220262	1.393074	0.950678
0.907850	13.206002	1.412516	1.141499
0.907976	13.208860	1.840747	5.463647
0.907797	13.195439	1.294240	0.085890
0.907989	13.211290	1.170878	1.368260
0.908084	13.216487	1.503026	1.963656
0.908075	13.218712	1.456448	1.470967
0.908281	13.218660	1.366408	0.543485
0.908487	13.234418	1.405841	0.905277
0.908531	13.233716	1.161843	1.564550
0.908708	13.229869	1.169355	1.501296
0.908672	13.217793	2.149642	8.312468
0.908551	13.204317	1.134236	1.860895
0.970962	2273.771487	0.718352	318.037080
0.985478	1161.786197	0.749444	191.410788
0.990322	795.291066	0.089615	687.275849
0.977468	602.342636	0.683411	16.261055
0.965081	485.750498	0.584562	61.831314
0.970048	408.548546	0.694669	11.778259
0.970468	353.748400	0.889564	108.320073
0.968276	311.798840	0.868090	83.190696
0.968149	278.934127	0.334523	143.414897
0.967077	252.779770	1.030961	123.616008
0.965022	231.604366	1.759492	353.187814
0.946945	213.207155	1.228158	161.454533
0.951025	199.811024	0.467046	68.106229
0.953764	187.403029	0.504868	55.019918
0.952390	176.345875	0.399396	78.474487
0.951671	166.469496	0.862735	32.009717
0.953015	158.106756	0.860648	28.497508
0.948905	150.234995	0.728503	0.848510
0.948426	143.312069	1.000107	51.203265
0.949634	137.268278	0.411224	61.162345
0.947586	131.453937	0.535934	36.881821
0.943835	126.038337	-0.010836	127.865837
0.944862	121.631256	1.525294	124.766259
0.946610	118.414495	0.885995	18.976660
0.948749	117.353598	0.734810	7.837700
0.950716	117.156195	1.270935	65.222935
0.952543	115.553513	0.871814	5.087022
0.954237	113.499951	0.685694	21.881686
0.955817	111.929027	0.896933	3.939278
0.957288	109.943382	0.864181	1.892022
0.958667	108.470784	1.064654	20.541809
0.958903	105.915184	1.758488	100.774390
0.957165	103.106755	1.493856	67.383666
0.957226	100.623321	1.048234	15.660585
0.957892	98.352997	0.987976	8.256395
0.956502	96.015839	0.921018	0.735459
0.956859	94.213956	1.073899	15.699893
0.956722	92.342054	0.690466	23.447274
0.956966	90.494140	1.178825	24.272632
0.955215	88.610216	1.652140	68.410100
0.954804	86.823390	0.743101	17.838073
0.952883	85.219527	1.019991	7.338385
0.953979	84.277450	0.445273	44.756524
0.955029	83.278242	0.733034	19.613539
0.953012	81.802336	0.877487	7.195051
0.952755	80.373015	1.278322	26.086133
0.951292	78.923510	1.026219	4.826115
0.950758	77.554794	1.192524	17.855762
0.950456	76.609882	0.530581	34.966651
0.951104	75.795038	1.195580	16.289904
0.950621	74.657360	1.336766	26.409261
0.948861	73.446198	0.899550	6.651200
0.948609	72.326686	0.183497	58.941509
0.949421	71.605033	0.667603	23.745131
0.950058	70.629874	1.059918	4.070808
0.950478	69.677382	1.023985	1.298194
0.949467	68.692002	1.387339	25.901309
0.948413	67.747588	1.891013	59.107514
0.948495	66.975783	0.987452	1.765695
0.948848	66.207885	0.938233	5.200793
0.948918	65.371669	0.807883	13.639561
0.948455	64.542563	1.439911	26.282877
0.948467	63.813068	0.933397	5.794105
0.949271	63.288188	1.157423	7.621223
0.950055	62.764814	0.951055	5.320371
0.949613	62.018090	1.292198	14.943696
0.950221	61.494982	0.924159	7.203694
0.949111	60.751770	0.884948	9.465615
0.949515	60.174415	1.162208	6.288895
0.949075	59.536780	0.825743	12.935306
0.949615	59.039879	0.874608	10.311867
0.950314	58.659824	0.928977	7.560451
0.950638	58.163784	1.379587	16.774357
0.950255	57.655228	1.176545	5.473467
0.950021	57.110878	1.464031	20.489506
0.949441	56.537813	0.838577	12.618811
0.950050	56.074210	1.082667	0.033890
0.949734	55.562383	1.196965	5.674593
0.949357	55.049726	1.335118	12.476243
0.948787	54.520207	1.033196	2.857457
0.948524	54.045941	1.099435	0.318648
0.948482	53.684053	0.897975	9.770569
0.947538	53.239684	1.048124	2.543329
0.946818	52.747642	1.323561	10.583828
0.946733	52.377395	1.165147	2.787711
0.947353	52.427731	0.984685	6.286739
0.947957	52.727613	1.183785	2.175262
0.948548	52.584240	1.321874	8.100620
0.948676	52.245875	1.243122	4.251502
0.949060	52.015795	1.025350	5.872834
0.949190	51.871017	1.046913	5.217542
0.948635	51.441198	1.270098	4.610832
0.948509	51.035218	1.630254	20.226215
0.949056	50.970851	1.192788	0.682408
0.949273	50.696950	1.234176	2.248630
0.949620	50.477632	1.124417	2.681142
0.949295	50.145155	0.881546	13.013117
0.949129	49.812966	1.375771	7.610414
0.948996	49.429961	1.173680	0.873161
0.948652	49.083142	1.490237	12.026630
0.948723	48.867907	1.204852	0.109138
0.948235	48.554979	1.057801	5.924380
0.947174	48.211621	1.316604	4.393162
0.946934	47.882472	1.078839	5.140518
0.947093	47.630294	1.430802	8.586335
0.947592	47.699699	1.349897	4.903886
0.947848	47.553076	1.283294	2.050408
0.947512	47.223359	0.918837	11.995322
0.946958	46.914207	1.053138	6.861008
0.947339	46.744016	0.683050	20.970279
0.947814	46.646770	0.729807	19.322635
0.947748	46.409165	1.136596	4.188279
0.947489	46.174599	1.574775	11.874011
0.947710	45.921318	1.408973	5.627307
0.947545	45.699252	1.223674	1.263877
0.947598	45.422120	1.859899	21.615698
0.947408	45.151043	1.566188	10.887086
0.947740	45.035006	1.153989	4.045148
0.948091	44.883626	0.892261	13.419890
0.947564	44.621341	1.588682	10.994924
0.947670	44.408143	1.383343	3.677530
0.947970	44.275957	1.471081	6.500492
0.947928	44.071579	1.508160	7.625092
0.947708	43.863017	1.308617	0.682653
0.947542	43.653345	1.960944	22.644012
0.946566	43.396210	1.605161	10.504155
0.945862	43.171742	1.251324	1.435962
0.945810	43.004045	1.050098	8.214185
0.946097	42.878966	2.017529	23.524684
0.945633	42.642052	1.150818	5.013303
0.945534	42.514189	1.428117	3.880471
0.945699	42.348101	1.310173	0.056908
0.945831	42.158490	1.178427	4.361255
0.945988	41.970158	1.326723	0.316031
0.945812	41.770059	1.434355	3.661142
0.945244	41.586032	1.352483	0.980611
0.945035	41.386914	1.520031	6.157542
0.944443	41.170292	1.372046	1.480271
0.944757	41.012666	1.708637	11.784396
0.944877	40.884644	1.268595	1.917974
0.944588	40.688457	0.938470	12.034484
0.944647	40.586749	1.823462	14.759276
0.945034	40.514439	1.176089	5.025361
0.944524	40.310910	1.214968	3.865271
0.944347	40.148519	1.978500	18.861005
0.943683	39.948712	1.527597	5.348076
0.943901	39.810480	0.973601	11.102798
0.943958	39.706873	1.285537	2.014561
0.943440	39.524008	1.410751	1.606802
0.943818	39.735986	0.814686	16.111821
0.944047	39.697104	1.418724	1.211673
0.944181	39.547620	1.481839	2.948872
0.944354	39.411920	1.366540	0.435029
0.944184	39.241802	1.393140	0.280690
0.944544	39.284893	1.266431	3.545556
0.944901	39.506215	0.956825	12.644577
0.945189	39.482253	2.016114	16.819196
0.945535	39.527481	1.480364	1.600573
0.945574	39.392702	1.240264	5.112412
0.945373	39.227711	1.459004	0.888759
0.945595	39.159051	1.036439	10.804282
0.945456	39.021035	1.543151	2.984125
0.945178	38.879448	2.105414	18.143724
0.944658	38.711247	1.417309	0.516895
0.944692	38.580834	1.260899	4.771142
0.944334	38.426036	1.285875	4.115178
0.944253	38.276532	2.003452	14.922581
0.944020	38.174657	1.721120	7.304561
0.944132	38.078429	1.388580	1.561758
0.944285	37.955178	1.172231	7.275417
0.944236	37.855349	1.123647	8.587503
0.943992	37.731561	1.454042	0.038691
0.944076	37.617610	1.516455	1.509337
0.944091	37.475034	1.384635	1.916675
0.944285	37.475938	1.090931	9.585388
0.944295	37.411806	1.390755	2.020958
0.943799	37.262838	1.400992	1.774724
0.943806	37.160689	1.648195	4.399385
0.944119	37.126536	1.170705	7.736728
0.944315	37.094648	0.690390	19.841255
0.944169	36.967929	1.514684	0.716359
0.943910	36.846453	1.486171	0.034150
0.944145	36.785848	1.485779	0.142530
0.944326	36.744349	1.979203	11.856871
0.943981	36.603772	1.675504	4.359815
0.943781	36.488503	1.292332	5.027355
0.944045	36.384633	1.346041	3.756266
0.944246	36.302094	1.553461	1.195895
0.944199	36.175733	1.488013	0.411580
0.944269	36.086704	1.561736	1.290816
0.944182	35.975321	1.275230	5.579557
0.944473	36.043955	1.639458	2.875535
0.944649	36.018205	1.603172	1.882060
0.944735	35.942259	1.409681	2.750190
0.944886	35.870054	1.755992	5.307453
0.945158	35.843530	1.575200	0.947371
0.944934	35.742701	1.463342	1.702593
0.945011	35.636223	1.559094	0.488463
0.944411	35.509657	1.614981	1.759906
0.944556	35.432513	2.259908	16.514281
0.944712	35.362251	1.421901	2.807249
0.944924	35.268829	2.055374	11.608501
0.944809	35.164332	1.843864	6.725513
0.945065	35.201386	1.511872	0.979248
0.945331	35.321886	1.621658	1.243386
0.945596	35.274978	1.594225	0.534752
0.945582	35.188267	1.600323	0.624174
0.945236	35.097689	1.614510	0.892953
0.944872	34.988030	1.442809	2.946130
0.944733	34.893472	1.929842	7.806333
0.944903	34.810272	1.686306	2.363748
0.944901	34.727048	1.656802	1.662937
0.944499	34.623410	1.827951	5.377222
0.944490	34.531119	1.458020	2.739748
0.944669	34.473010	1.503112	1.817613
0.944547	34.394338	1.377786	4.568318
0.943943	34.284629	1.426153	3.524372
0.943966	34.199652	1.708815	2.528744
0.943838	34.102678	1.899526	6.582692
0.943872	34.020649	1.356877	5.057681
0.944125	34.079716	1.532455	1.480203
0.944376	34.084967	1.577479	0.641437
0.944465	34.007875	1.950705	7.206720
0.944318	33.918396	1.822685	4.459044
0.944116	33.835147	1.498363	2.394960
0.944272	33.763375	1.665530	1.067963
0.944412	33.777997	1.645030	0.510321
0.944656	33.868378	1.715817	1.778504
0.944898	33.893561	1.521959	2.379751
0.944977	33.869630	1.594860	0.954716
0.945216	33.989379	1.609904	0.868952
0.945452	34.204568	1.615843	1.069401
0.945686	34.420955	1.656481	0.561833
0.945918	34.480738	1.719741	0.556261
0.946148	34.484037	1.406791	5.915471
0.945724	34.385937	1.885604	3.779646
0.945657	34.301103	1.722765	0.457859
0.945800	34.236655	1.937904	4.739645
0.945893	34.163853	1.815145	2.229742
0.946119	34.127807	1.720091	0.253215
0.946121	34.043971	1.573636	2.688320
0.946201	33.983605	2.465713	14.994329
0.945859	33.894257	1.613255	1.948923
0.945794	33.833989	1.885174	3.381051
0.945655	33.746927	1.681446	0.655011
0.945529	33.671591	2.036909	6.295808
0.945735	33.648508	1.478347	4.725494
0.945800	33.608406	2.046264	6.304377
0.945858	33.598804	1.825612	1.900292
0.945352	33.505513	1.728281	0.000742
0.945288	33.421763	1.837938	2.102570
0.945247	33.342784	1.714362	0.306381
0.945110	33.271052	1.858057	2.431537
0.944728	33.195941	1.839042	2.034975
0.944684	33.128729	1.744605	0.194455
0.944826	33.070655	1.313468	8.055307
0.944651	32.991339	2.368800	11.987893
0.944676	32.932301	2.007349	5.077459
0.944890	32.977615	1.643303	1.949476
0.944637	32.902603	1.696057	0.972198
0.944640	32.832155	1.579408	3.181937
0.944445	32.772914	1.919193	3.155357
0.944570	32.771338	1.805612	0.938174
0.944644	32.741479	1.612725	2.719690
0.944600	32.662331	1.566327	3.584569
0.944512	32.604648	1.815280	0.999499
0.944510	32.547801	1.746240	0.310247
0.944608	32.523826	2.031888	4.884099
0.944429	32.455518	1.873955	1.950858
0.944170	32.385025	1.671093	1.787311
0.943966	32.317047	1.886892	2.138196
0.944119	32.267572	1.546091	4.111759
0.944125	32.206030	1.136327	11.567913
0.943917	32.158898	1.619925	2.814931
0.943802	32.118546	1.682149	1.728389
0.943704	32.081347	1.862590	1.479345
0.943270	32.005183	2.140468	6.458556
0.943165	31.936493	2.257895	8.530587
0.943062	31.872999	1.512611	4.832750
0.943152	31.823610	2.314809	9.451099
0.943224	31.830209	1.831829	0.749821
0.943426	31.877602	1.685616	1.972282
0.943625	31.949320	1.976895	3.032770
0.943330	31.878970	1.796586	0.169658
0.943529	31.867155	1.842806	0.576146
0.943726	31.899799	1.965500	2.618201
0.943922	31.951162	2.299962	8.339912
0.943924	31.905644	1.806839	0.331108
0.944117	31.899600	2.076171	4.294496
0.944311	31.897620	1.577824	4.458725
0.944116	31.831660	1.810520	0.423178
0.944050	31.770386	2.776078	16.269011
0.943899	31.740581	1.848820	0.175443
0.943927	31.694600	1.916856	1.315090
0.943887	31.635144	1.817694	0.408507
0.943828	31.576466	1.696608	2.501719
0.943855	31.512226	2.291330	7.659819
0.943728	31.449549	1.679089	2.813704
0.943881	31.442161	2.164558	5.388551
0.944046	31.434401	1.331629	8.829922
0.944003	31.377081	1.925370	1.229460
0.944188	31.402178	1.682052	2.982339
0.944256	31.372554	1.954155	1.568100
0.944399	31.340718	1.990504	2.134968
0.944162	31.287100	2.083972	3.678366
0.944100	31.246944	2.059962	3.236071
0.943954	31.183400	1.961233	1.569776
0.944091	31.164131	1.771920	1.638662
0.944213	31.151301	1.811222	1.040105
0.944115	31.093027	2.280295	6.731722
0.944239	31.061503	2.103462	3.752587
0.944260	31.041711	2.192847	5.166817
0.944386	31.018375	2.153699	4.464710
0.944260	30.961008	2.706779	13.535774
0.944130	30.922863	1.870158	0.247078
0.944250	30.906829	2.424825	8.780833
0.944364	30.885276	2.273028	6.236439
0.944510	30.859669	2.130775	3.861969
0.944684	30.884631	1.674482	3.657752
0.944663	30.859926	1.871196	0.499700
0.944365	30.806248	2.241897	5.486812
0.944353	30.753037	1.861609	0.680572
0.944424	30.716881	1.936660	0.501477
0.944595	30.721876	1.868056	0.672881
0.944577	30.681908	1.943608	0.516267
0.944576	30.647634	2.051544	2.214582
0.944619	30.597665	1.904268	0.157467
0.944780	30.628213	2.056159	2.173006
0.944789	30.581069	1.829233	1.461349
0.944639	30.529028	2.365605	7.051355
0.944606	30.501731	1.502615	6.681147
0.944604	30.460840	1.947566	0.348605
0.944641	30.412261	2.150572	3.542185
0.944742	30.379941	1.863404	1.019676
0.944532	30.327433	1.718728	3.303550
0.944617	30.339060	2.242502	4.850933
0.944779	30.356074	2.008934	1.105800
0.944927	30.333554	1.795991	2.262566
0.945049	30.362806	1.997840	0.799830
0.945077	30.325956	1.881050	1.045180
0.945237	30.320131	1.896642	0.854717
0.945398	30.313705	1.970694	0.242014
0.945474	30.319122	1.872740	1.338701
0.945633	30.359170	2.118553	2.361893
0.945574	30.317620	2.416532	6.929985
0.945570	30.304841	1.931387	0.594034
0.945621	30.269431	2.070912	1.526126
0.945691	30.265522	2.327866	5.404400
0.945330	30.208150	2.549334	8.776737
0.945182	30.165774	2.809010	12.705920
0.945102	30.128237	2.386596	6.226590
0.944995	30.093186	1.801239	2.707463
0.945151	30.082802	1.756596	3.425728
0.945306	30.078617	1.663244	4.885901
0.945460	30.075755	1.951216	0.577143
0.945526	30.049348	2.119583	1.935217
0.945678	30.094453	2.225220	3.423679
0.945830	30.224864	2.208905	2.986025
0.945981	30.307882	1.990596	0.437047
0.946131	30.329225	1.798704	3.387254
0.941995	-5578.651382	-1.479774	2408.394012
0.970971	-2751.585550	-1.138317	324.891527
0.980652	-1812.973753	-1.164144	287.792885
0.985489	-1341.936987	-0.961762	40.336714
0.970718	-1060.972839	-1.951688	1054.016703
0.975592	-867.765302	-1.331250	335.515653
0.979079	-727.204954	-0.952495	11.830013
0.981691	-621.642648	-0.978601	43.213020
0.983545	-544.871058	-0.883189	11.239419
0.985189	-483.260780	-0.634909	137.677590
0.986540	-432.975765	-0.518001	176.413874
0.984488	-391.857041	-1.079679	98.758198
0.985681	-355.668044	-1.099757	106.078158
0.986704	-322.112792	-0.934725	42.645933
0.987590	-292.307679	-0.509277	106.635609
0.988366	-267.740368	-0.885511	35.154648
0.989049	-247.647548	-0.764739	1.223270
0.989658	-229.789431	-0.769635	4.653161
0.989528	-214.551132	-0.261564	138.997722
0.989462	-200.805755	-0.819930	24.387533
0.986262	-188.727384	-0.257241	121.377389
0.985714	-177.382902	-0.437546	67.930215
0.984149	-167.132785	-0.885599	44.945547
0.982739	-157.869694	-1.002923	72.504130
0.981067	-149.140742	-0.696496	4.588577
0.981796	-139.387885	-0.769999	24.185525
0.982469	-130.224094	-0.550440	17.521753
0.983094	-121.948117	-0.791857	34.529087
0.983678	-113.671758	-0.622277	5.166074
0.984224	-106.629932	-0.579991	0.541386
0.984732	-100.588676	-0.492301	12.477693
0.984501	-95.583475	-0.384215	28.908105
0.983252	-91.070045	-0.586842	7.770343
0.982858	-86.473948	-0.846429	52.017294
0.981998	-81.893100	-0.232331	44.930552
0.982392	-77.385697	-0.117675	59.170888
0.980912	-73.737335	-0.518832	4.477287
0.980322	-70.291805	-0.395729	12.156149
0.980248	-66.396370	-0.667872	29.293353
0.980741	-61.720630	-0.429621	1.650687
0.981211	-57.478918	-0.514584	12.778859
0.981659	-53.267026	0.496385	119.486746
0.982085	-49.410444	-0.511075	17.245618
0.982492	-45.890000	-0.393227	4.271680
0.982881	-42.940331	-0.396124	6.516337
0.983253	-39.717288	-0.524636	24.414604
0.983610	-36.654721	-0.046729	31.059393
0.983951	-33.330106	-0.176803	12.580108
0.984280	-28.679340	-0.425070	20.236177
0.984594	-23.408057	-0.247853	4.566778
0.984896	-18.279891	0.390888	61.574087
0.985188	-14.621287	-0.060713	8.020524
0.985466	-11.825998	-0.079574	3.331174
0.985734	-9.375353	0.370720	48.255051
0.985994	-6.772867	-0.114824	5.061134
0.986244	-4.715917	-0.073526	2.733175
0.986485	-2.311126	-0.000325	2.278731
0.986718	0.829332	0.243529	23.036312
0.986943	4.268401	0.122667	7.559518
0.987161	7.674099	0.159722	7.483483
0.987371	10.852189	0.268945	14.275079
0.987575	13.828288	0.384573	21.554142
0.987772	16.105161	0.120442	5.190476
0.987963	18.282801	0.273334	6.122680
0.988149	20.225993	0.152676	6.792247
0.988328	21.680118	0.187191	5.444412
0.988502	23.225677	-0.009357	24.025821
0.988671	24.431819	0.236216	4.512221
0.988835	25.318843	0.552283	20.619730
0.987421	25.753107	0.361879	3.943988
0.987598	26.523555	1.449335	90.840756
0.987771	27.351214	0.431556	7.138792
0.987415	27.830604	1.619983	99.974125
0.987585	28.572238	0.113047	19.767204
0.986878	28.892961	0.880302	38.815392
0.985134	29.174174	0.158679	17.119643
0.984518	29.502758	1.230575	62.839073
0.984317	29.937395	-0.834501	91.807239
0.984515	30.612233	0.553238	9.925004
0.984710	31.291044	0.227597	14.810097
0.984594	31.587920	0.435624	0.405968
0.984720	32.149150	0.284489	12.015581
0.984657	32.507635	0.421985	2.976798
0.984472	32.891486	0.562864	6.061947
0.984457	33.216390	0.297928	12.823331
0.984637	34.022969	0.681278	12.110433
0.984318	34.438762	0.682250	11.264612
0.984497	35.140673	0.457877	4.788498
0.984671	36.006991	0.808277	17.018119
0.984842	37.126092	0.923052	22.809091
0.985008	38.589794	0.860206	16.699463
0.985171	40.112249	0.670500	2.552073
0.985330	41.574915	0.892523	14.659507
0.985486	42.892294	0.915245	14.205560
0.985639	43.978878	-0.012414	44.745788
0.985789	44.753428	0.085450	39.525264
0.985935	45.419259	0.723109	1.593105
0.986031	45.715085	0.765063	0.218868
0.986011	46.113379	0.784046	0.527833
0.986150	46.814998	0.860314	3.894145
0.986287	47.341893	0.638702	10.037203
0.986422	47.739113	0.910618	4.971965
0.986554	48.292809	0.769452	4.145241
0.986683	48.994669	0.812620	2.779214
0.986810	49.952631	0.279129	34.215139
0.986935	51.522888	0.929081	0.411149
0.987056	53.211457	1.296349	18.630301
0.987176	54.860077	1.098256	5.489528
0.987294	56.073126	1.018388	0.579019
0.987409	57.158140	0.745795	16.855333
0.987523	58.455240	0.984994	5.657443
0.987635	59.719932	0.938014	9.848293
0.987744	61.014515	0.939131	11.483952
0.987851	61.881525	0.993138	9.919824
0.987957	62.717122	1.485197	14.377940
0.988061	63.483666	1.417114	9.506286
0.988163	64.363672	1.247510	0.603474
0.988263	65.157881	1.320810	1.830294
0.988362	65.974775	1.476950	8.369969
0.988459	67.215121	1.451963	5.326751
0.988554	68.420644	0.988026	19.425995
0.988648	69.884246	1.912292	24.249938
0.988740	71.507838	1.470333	0.341044
0.988831	72.914960	2.286709	38.014964
0.988921	74.562445	1.342979	9.877679
0.989008	76.206661	1.388976	9.778893
0.989095	77.973994	1.418220	10.629891
0.989180	79.483751	1.746192	2.853478
0.989264	80.761970	1.927655	9.500013
0.989346	82.184426	2.520079	35.008756
0.989428	83.519661	1.821058	0.589184
0.989508	84.763114	1.909964	2.853009
0.989587	85.835261	2.599974	32.624135
0.989665	86.745877	1.915293	0.064076
0.989741	87.541083	2.011037	2.876515
0.989816	88.296407	1.860412	5.198610
0.989891	88.927624	2.156992	6.792758
0.989964	89.518610	1.957229	3.223728
0.990036	90.121036	1.730798	14.297740
0.990107	90.782732	2.354853	11.731192
0.990178	91.363358	2.088283	1.020439
0.990247	92.076009	2.225081	3.589696
0.990315	92.762518	2.356487	7.932858
0.990382	93.617802	1.828165	15.971684
0.990448	94.622199	1.441335	33.778563
0.990514	95.604889	2.159076	5.015009
0.990578	96.478309	2.435194	5.074114
0.990642	96.966501	2.403946	2.686437
0.990705	97.295722	2.254806	4.375916
0.990767	97.552470	2.242617	5.672342
0.990828	97.648097	2.229553	6.839384
0.990640	97.383859	2.548180	5.798103
0.990437	97.145425	2.416929	0.161250
0.990156	96.867654	2.433493	0.546753
0.989966	96.599509	2.638992	8.448250
0.990030	96.476570	2.411631	1.014635
0.989517	96.193328	2.706197	10.329406
0.989583	96.079174	2.503816	1.935172
0.989649	96.082262	2.186822	10.943075
0.989713	96.067684	2.494821	0.530879
0.989777	96.002525	2.625121	5.091256
0.989832	95.887528	2.847484	13.178463
0.989818	95.759864	2.398641	4.374972
0.989880	95.844121	2.559773	1.164503
0.989941	96.030005	2.760908	8.055158
0.990002	96.464599	2.478173	3.519263
0.990062	96.623678	2.847678	9.624420
0.990121	96.558706	2.666540	2.419063
0.990180	96.379527	2.859995	9.241563
0.990083	96.190234	3.120937	18.483532
0.990121	95.966984	2.637026	0.431312
0.990025	95.803659	2.584375	1.803748
0.989836	95.614267	2.363036	10.097761
0.989596	95.386261	2.706895	2.086752
0.989656	95.253017	2.815292	5.625777
0.989715	95.220166	2.497556	6.161978
0.989662	95.099822	2.790039	3.903170
0.989470	94.912075	2.503710	6.495532
0.989473	94.743998	2.769972	2.605283
0.989178	94.536485	2.801992	3.464796
0.989003	94.340158	2.347959	12.608527
0.988873	94.164321	2.972385	8.811863
0.988648	93.978684	2.232821	16.984405
0.988416	93.767719	2.737741	0.197411
0.988478	93.622453	2.766210	0.885015
0.988516	93.488126	3.195187	15.175051
0.988369	93.288922	3.071170	10.678101
0.988431	93.130462	2.550587	7.181791
0.988492	93.012408	2.735769	1.241029
0.988553	93.057070	2.780976	0.182744
0.988613	93.263038	2.968053	5.420592
0.988672	93.366287	2.820436	0.006976
0.988731	93.363838	3.078100	8.073896
0.988789	93.322002	2.736342	3.541455
0.988846	93.255533	2.941222	2.826692
0.988563	93.086467	2.407125	14.795534
0.988621	93.056704	2.673940	6.455478
0.988679	93.245789	2.909029	0.564736
0.988736	93.481567	3.067278	5.017716
0.988792	93.733301	3.316048	12.304851
0.988848	94.117714	2.551229	12.875134
0.988903	94.604874	2.917955	2.074223
0.988957	95.205085	3.062670	1.515277
0.989012	95.974853	3.129927	2.463491
0.989065	96.931534	3.116844	0.693514
0.989118	97.872031	3.042663	2.956058
0.989171	98.892085	3.182826	0.005015
0.989223	99.943050	3.087194	4.408860
0.989274	100.957960	3.404823	3.984192
0.989326	102.032122	3.673711	10.749567
0.989376	103.220986	3.276166	3.037016
0.989426	104.196045	3.391619	0.897547
0.989476	105.158336	3.900071	13.164638
0.989525	106.267657	3.492468	0.723401
0.989574	107.448899	4.003028	13.062000
0.989622	108.684853	3.359480	7.937627
0.989670	109.724444	3.724483	1.538866
0.989717	110.692135	4.003710	8.458612
0.989764	111.689976	3.644150	3.656307
0.989811	112.641585	3.815586	0.043585
0.989857	113.479629	3.830206	0.791072
0.989903	114.203869	4.095969	5.851971
0.989948	114.962170	3.983335	1.358932
0.989993	115.661601	3.704522	7.880533
0.990037	116.467115	4.168475	4.369810
0.990081	117.213542	3.989519	1.987194
0.990125	117.959307	4.148062	1.410230
0.990168	118.809324	4.226876	2.391235
0.990211	119.515400	4.205465	0.633646
0.990254	120.232050	4.047133	5.023492
0.990296	120.911120	4.234073	0.812852
0.990338	121.350893	4.290996	0.075073
0.990379	121.593552	4.866316	15.452972
0.990420	121.782660	4.416458	2.160597
0.990461	122.083223	4.435102	1.949243
0.990502	122.349135	3.929937	12.822080
0.990542	122.478561	4.339503	1.958697
0.990581	122.553285	4.398551	0.809049
0.990621	122.649802	4.226302	6.079120
0.990660	122.752983	4.210510	7.010798
0.990699	122.853677	4.527243	1.169087
0.990737	122.948416	4.620632	3.207547
0.990775	123.142495	4.590862	1.784072
0.990813	123.665844	4.662281	2.782884
0.990850	124.300399	4.619761	0.584862
0.990888	124.996656	4.622224	0.450591
0.990925	125.727552	4.894876	5.729075
0.990961	126.430157	4.629917	2.497143
0.990998	127.032547	4.886463	3.336511
0.991033	127.423438	4.776019	0.423476
0.991069	127.765541	4.569606	6.650162
0.991105	127.927607	4.792035	1.328611
0.991140	127.910175	5.280935	11.153369
0.991175	127.970281	5.412647	14.111237
0.991209	127.946443	4.988041	2.573793
0.991244	127.899945	4.606153	7.751940
0.991278	127.838529	4.788782	3.326134
0.991191	127.561683	4.839383	2.128391
0.991208	127.328054	4.881669	1.195036
0.991224	127.156834	4.764204	4.441858
0.991223	126.928932	4.852795	2.315375
0.991256	126.767406	5.102860	3.866707
0.991289	126.605273	4.994844	0.871768
0.991323	126.594365	4.976125	0.017477
0.991355	126.474337	4.925646	1.528686
0.991388	126.357614	4.843828	3.861543
0.991420	126.164011	5.035278	0.786946
0.991395	125.928735	4.960634	1.232560
0.991318	125.692300	5.168884	3.855875
0.991350	125.566262	4.871044	3.844765
0.991382	125.464193	4.984467	1.278866
0.991413	125.607130	4.637164	10.402745
0.991445	125.851575	5.310375	5.695192
0.991476	126.111506	5.370265	6.530322
0.991507	126.350978	5.135478	0.118743
0.991538	126.458575	5.182056	0.785181
0.991568	126.526746	5.317952	3.682216
0.991599	126.513385	5.188162	0.150617
0.991629	126.510047	5.176579	0.487199
0.991659	126.491636	5.391525	4.392908
0.991688	126.392139	5.912654	16.737830
0.991718	126.261307	4.869690	8.713437
0.991727	126.064680	4.599232	15.362903
0.991669	125.835237	5.633505	9.383185
0.991458	125.577596	5.467131	5.280527
0.991455	125.333692	5.613740	8.660076
0.991380	125.113536	5.421426	3.926667
0.991398	124.890508	5.482090	5.234699
0.991422	124.685354	5.355293	2.078362
0.991159	124.442109	5.467590	4.626750
0.991109	124.267053	5.529276	5.904380
0.990990	124.069255	5.050456	5.494243
0.990565	123.819129	5.344451	1.307775
0.990307	123.582321	5.345744	1.241288
0.989985	123.355831	5.153521	3.345419
0.990019	123.215998	5.364422	1.383521
0.990052	123.170221	5.235502	1.884193
0.990086	123.080777	4.981384	7.988535
0.990077	122.895843	6.608871	29.396921
0.990110	122.814059	5.382342	0.887297
0.990143	122.786308	5.320313	0.824230
0.990176	122.725055	5.564780	4.509832
0.990186	122.610595	5.306548	1.592069
0.989916	122.385571	5.347201	0.752358
0.989949	122.244887	5.399526	0.268757
0.989982	122.187582	5.638422	5.423387
0.990014	122.052613	5.652389	5.547460
0.990005	121.867559	5.368722	0.972980
0.990038	121.797919	5.659780	5.331200
0.990070	121.668454	5.363300	1.504977
0.989915	121.451070	4.840753	13.266945
0.989884	121.248358	4.781174	14.664982
0.989764	121.031220	5.389155	1.190146
0.989750	120.825253	5.903689	10.127048
0.989782	120.684639	5.362220	2.026976
0.989815	120.634989	5.681960	4.796406
0.989847	120.572056	5.436330	0.860548
0.989652	120.367855	5.579055	2.183742
0.989594	120.176033	5.690434	4.527057
0.989626	120.068517	6.009899	11.313927
0.989659	119.924979	5.060581	9.561268
0.989640	119.783186	5.454272	1.116989
0.989672	119.669174	5.579777	1.433271
0.989704	119.586118	5.589389	1.436746
0.989736	119.481211	5.487938	0.934713
0.989767	119.349603	5.146834	8.434435
0.989404	119.149343	5.442790	2.135889
0.989352	118.967526	5.517093	0.629524
0.989160	118.766314	5.558564	0.175127
0.989192	118.590247	5.472114	1.774064
0.989136	118.413114	5.439713	2.558263
0.989169	118.323388	5.720680	3.239203
0.989202	118.234330	5.498086	1.669232
0.989234	118.140792	5.731302	3.089698
0.989155	117.980661	5.820266	4.847349
0.989183	117.863057	5.465781	2.775770
0.989215	117.799835	5.379048	4.792332
0.989247	117.698343	5.693493	1.644826
0.989264	117.570872	5.555746	1.377205
0.989155	117.383390	5.458911	3.475109
0.989187	117.235310	5.508555	2.545774
0.989219	117.129795	5.807611	3.522175
0.989162	116.993264	5.851098	4.289912
0.989170	116.903510	5.195295	9.446347
0.989202	116.859077	5.905564	5.022885
0.989233	116.814953	5.707241	0.712638
0.989264	116.699502	5.694183	0.306030
0.989295	116.598929	6.155826	9.628173
0.989326	116.675242	5.746784	0.914800
0.989356	116.712877	6.027155	6.354443
0.989386	116.766088	5.606419	2.535631
0.989416	116.862493	5.733416	0.298042
0.989446	116.914329	5.779518	0.341222
0.989476	116.928193	5.775111	0.010880
0.989423	116.851883	5.341926	8.935669
0.989430	116.708308	5.771725	0.350840
0.989460	116.550527	6.080807	5.777474
0.989173	116.399094	6.211112	8.278721
0.989019	116.282521	6.037982	4.671827
0.989049	116.212741	5.460489	7.052239
Erro de little 0.00000000000000000000