100	0.605695	1.522109	0.015089	0.00000000000731481542
200	0.594723	1.472615	0.014790	0.00000000003679501148
300	0.600073	1.496486	0.015005	0.00000000006789435680
400	0.595872	1.467229	0.014757	0.00000000006696443400
500	0.598673	1.472758	0.014763	0.00000000003343947341
600	0.600513	1.487495	0.014896	0.00000000018455370565
700	0.600245	1.488758	0.014893	0.00000000011312772941
800	0.600370	1.491107	0.014906	0.00000000008501976900
900	0.599621	1.487981	0.014872	0.00000000037852543322
1000	0.598581	1.481132	0.014827	0.00000000040175218707
1100	0.597634	1.475363	0.014780	0.00000000008258438378
1200	0.596597	1.469444	0.014728	0.00000000041114645022
1300	0.596739	1.472370	0.014749	0.00000000017359003124
1400	0.597039	1.467355	0.014696	0.00000000047744630471
1500	0.596454	1.460633	0.014628	0.00000000057784821372
1600	0.596594	1.460512	0.014630	0.00000000042359427077
1700	0.596585	1.462167	0.014654	0.00000000085705376129
1800	0.596227	1.459241	0.014624	0.00000000047959858307
1900	0.596738	1.461595	0.014647	0.00000000144407641400
2000	0.597135	1.465378	0.014680	0.00000000230598606876
2100	0.597877	1.470992	0.014722	0.00000000261632626675
2200	0.598892	1.474355	0.014750	0.00000000248100140432
2300	0.598601	1.472771	0.014737	0.00000000283347501018
2400	0.598578	1.470413	0.014715	0.00000000257164267659
2500	0.598694	1.471373	0.014722	0.00000000273536682194
2600	0.598611	1.471866	0.014728	0.00000000207717798517
2700	0.598813	1.473136	0.014738	0.00000000277708966934
2800	0.598786	1.473806	0.014745	0.00000000198563698817
2900	0.598840	1.475011	0.014751	0.00000000172441660951
3000	0.598518	1.473521	0.014743	0.00000000171766068036
3100	0.598549	1.474799	0.014755	0.00000000234461183801
3200	0.598586	1.475689	0.014763	0.00000000188192927908
3300	0.599109	1.480515	0.014802	0.00000000216006035281
3400	0.598621	1.477253	0.014775	0.00000000159195456817
3500	0.598583	1.478366	0.014789	0.00000000023632362733
3600	0.598577	1.480255	0.014807	0.00000000050063797552
3700	0.598657	1.481730	0.014821	0.00000000000650368648
3800	0.598600	1.481511	0.014814	0.00000000002290545531
3900	0.598701	1.482817	0.014824	0.00000000213842987762
4000	0.598527	1.480438	0.014801	0.00000000286679036066
4100	0.598630	1.480881	0.014806	0.00000000187527571249
4200	0.598901	1.483861	0.014832	0.00000000400935262768
4300	0.599149	1.485840	0.014846	0.00000000480861750418
4400	0.599010	1.484649	0.014837	0.00000000514332665347
4500	0.599048	1.484530	0.014838	0.00000000480134532133
4600	0.598948	1.483759	0.014834	0.00000000434731850518
4700	0.598562	1.481343	0.014813	0.00000000431134483669
4800	0.598519	1.479239	0.014792	0.00000000502406027891
4900	0.598544	1.481029	0.014817	0.00000000331066707382
5000	0.598387	1.480070	0.014811	0.00000000347041217985
5100	0.598241	1.478766	0.014800	0.00000000474353578639
5200	0.598232	1.478383	0.014794	0.00000000302371772065
5300	0.598429	1.479428	0.014801	0.00000000194282789856
5400	0.598229	1.477179	0.014781	0.00000000120923848712
5500	0.598082	1.475782	0.014768	0.00000000292482349451
5600	0.598149	1.475034	0.014760	0.00000000389848775484
5700	0.598145	1.475389	0.014764	0.00000000371922559417
5800	0.598016	1.473909	0.014753	0.00000000262664046069
5900	0.598024	1.473407	0.014748	0.00000000181514803188
6000	0.598119	1.474308	0.014756	0.00000000147219636482
6100	0.597906	1.472734	0.014744	0.00000000177848580307
6200	0.597946	1.472139	0.014734	0.00000000216615902993
6300	0.597861	1.471181	0.014724	0.00000000364722119173
6400	0.597647	1.470100	0.014716	0.00000000272442002291
6500	0.597852	1.471751	0.014731	0.00000000175460423968
6600	0.597899	1.471946	0.014732	0.00000000180475523415
6700	0.597860	1.471718	0.014732	0.00000000266955346717
6800	0.597687	1.470589	0.014723	0.00000000530815147393
6900	0.597565	1.469459	0.014715	0.00000000402385902376
7000	0.597760	1.469528	0.014711	0.00000000410293421460
7100	0.597594	1.468464	0.014702	0.00000000494003393747
7200	0.597842	1.470390	0.014716	0.00000000354612672560
7300	0.597811	1.469744	0.014711	0.00000000144072553887
7400	0.597713	1.468845	0.014703	0.00000000005336131537
7500	0.597681	1.468828	0.014704	0.00000000538142752582
7600	0.597696	1.468510	0.014700	0.00000000363437102635
7700	0.597751	1.467727	0.014690	0.00000000077228867745
7800	0.597736	1.467904	0.014692	0.00000000134605637747
7900	0.597830	1.467561	0.014688	0.00000000605161742939
8000	0.597982	1.467881	0.014691	0.00000000588168846960
8100	0.597820	1.467089	0.014684	0.00000000480337059017
8200	0.597775	1.466922	0.014682	0.00000000304111802407
8300	0.597661	1.466482	0.014679	0.00000000386845955269
8400	0.597790	1.466702	0.014678	0.00000000215613882304
8500	0.597960	1.467469	0.014685	0.00000000038996184060
8600	0.598027	1.467767	0.014685	0.00000000020432322501
8700	0.598166	1.468121	0.014686	0.00000000111205600284
8800	0.598200	1.468624	0.014690	0.00000000080420492488
8900	0.598236	1.468405	0.014689	0.00000000161987934177
9000	0.598457	1.469935	0.014703	0.00000000212347495143
9100	0.598565	1.470629	0.014709	0.00000000068894290273
9200	0.598562	1.470699	0.014711	0.00000000253214760271
9300	0.598499	1.470844	0.014713	0.00000000291480684034
9400	0.598490	1.470470	0.014709	0.00000000295539481776
9500	0.598436	1.469870	0.014705	0.00000000346910433713
9600	0.598518	1.471298	0.014718	0.00000000486210605111
9700	0.598445	1.471084	0.014719	0.00000000145582501609
9800	0.598495	1.471150	0.014718	0.00000000777404407515
9900	0.598671	1.472380	0.014728	0.00000000653933240891
10000	0.598600	1.471767	0.014723	0.00000000506308328596
10100	0.598649	1.472330	0.014728	0.00000000089708507289
10200	0.598787	1.473825	0.014741	0.00000000293268409557
10300	0.598755	1.473282	0.014734	0.00000000203997352344
10400	0.598687	1.472393	0.014726	0.00000000184697546146
10500	0.598659	1.472468	0.014726	0.00000000136401756556
10600	0.598492	1.471151	0.014716	0.00000000046465253867
10700	0.598457	1.469984	0.014704	0.00000000065023364471
10800	0.598512	1.471106	0.014714	0.00000000396551858017
10900	0.598431	1.470870	0.014711	0.00000000641359831910
11000	0.598545	1.471299	0.014714	0.00000000833511104581
11100	0.598677	1.471458	0.014715	0.00000000489544538240
11200	0.598695	1.471130	0.014712	0.00000000535535971125
11300	0.598565	1.470565	0.014708	0.00000000932287980149
11400	0.598562	1.470584	0.014706	0.00000000747621964337
11500	0.598690	1.471353	0.014714	0.00000000781801001715
11600	0.598763	1.471882	0.014719	0.00000000648299702810
11700	0.598766	1.471675	0.014717	0.00000000466998728577
11800	0.598729	1.471203	0.014713	0.00000000597703553318
11900	0.598747	1.470932	0.014711	0.00000000452506743187
12000	0.598697	1.470325	0.014705	0.00000000105222941471
12100	0.598779	1.470916	0.014711	0.00000000368568708886
12200	0.598854	1.471511	0.014717	0.00000000871329208785
12300	0.598838	1.471148	0.014713	0.00000000809903655252
12400	0.598824	1.471229	0.014714	0.00000000639699337945
12500	0.598734	1.470555	0.014709	0.00000000689772083895
12600	0.598863	1.471538	0.014716	0.00000000994621185413
12700	0.598945	1.472484	0.014724	0.00000001086197953803
12800	0.598894	1.471852	0.014719	0.00000001353773826374
12900	0.598861	1.471331	0.014714	0.00000001390934456502
13000	0.598911	1.471890	0.014720	0.00000001728988041627
13100	0.598839	1.472058	0.014722	0.00000001413708750064
13200	0.598852	1.471881	0.014720	0.00000001142434258306
13300	0.598896	1.472168	0.014723	0.00000001524368653527
13400	0.598849	1.472008	0.014722	0.00000000461469173985
13500	0.599005	1.472757	0.014728	0.00000000128367849683
13600	0.599070	1.472966	0.014729	0.00000000452243797966
13700	0.599116	1.473006	0.014728	0.00000000901200669645
13800	0.599208	1.473950	0.014737	0.00000000787354625942
13900	0.599302	1.474623	0.014742	0.00000000366644825611
14000	0.599263	1.474717	0.014745	0.00000001144572747691
14100	0.599318	1.475312	0.014751	0.00000000967826063736
14200	0.599318	1.475242	0.014752	0.00000000766883756498
14300	0.599340	1.474993	0.014749	0.00000001278367500746
14400	0.599375	1.475068	0.014749	0.00000001096253088306
14500	0.599257	1.474510	0.014744	0.00000001205927424586
14600	0.599351	1.474998	0.014749	0.00000001973831031954
14700	0.599315	1.474826	0.014748	0.00000001845819475044
14800	0.599379	1.474982	0.014750	0.00000001836489116336
14900	0.599361	1.474368	0.014744	0.00000002218814643129
15000	0.599337	1.473923	0.014739	0.00000002502033957796
15100	0.599383	1.474069	0.014741	0.00000002464858117612
15200	0.599413	1.474206	0.014743	0.00000002621743688813
15300	0.599470	1.475155	0.014752	0.00000002513323549280
15400	0.599469	1.475164	0.014752	0.00000002314873981391
15500	0.599441	1.475497	0.014757	0.00000002117888087128
15600	0.599435	1.475120	0.014753	0.00000001979390273910
15700	0.599479	1.475186	0.014753	0.00000002327250281375
15800	0.599523	1.475408	0.014754	0.00000001941313931830
15900	0.599617	1.475575	0.014754	0.00000001851048869739
16000	0.599554	1.474837	0.014748	0.00000002061659176711
16100	0.599538	1.475195	0.014751	0.00000002087593786726
16200	0.599517	1.475190	0.014752	0.00000002340224236619
16300	0.599535	1.475248	0.014751	0.00000002601229343036
16400	0.599569	1.475895	0.014757	0.00000003030424977624
16500	0.599627	1.476314	0.014760	0.00000003430987494113
16600	0.599678	1.476674	0.014763	0.00000003499852008204
16700	0.599707	1.476756	0.014763	0.00000004101502470988
16800	0.599595	1.476045	0.014758	0.00000004300677169944
16900	0.599619	1.476627	0.014764	0.00000004092304650705
17000	0.599645	1.476506	0.014762	0.00000004297062661252
17100	0.599677	1.476552	0.014762	0.00000004442826551099
17200	0.599696	1.476595	0.014762	0.00000004759874094873
17300	0.599704	1.476823	0.014763	0.00000004028983968674
17400	0.599693	1.476479	0.014759	0.00000004045093926486
17500	0.599728	1.476510	0.014760	0.00000004162513289607
17600	0.599765	1.476603	0.014761	0.00000004404504205802
17700	0.599759	1.476452	0.014760	0.00000004185720237082
17800	0.599685	1.476190	0.014759	0.00000003606466969508
17900	0.599737	1.476433	0.014761	0.00000003338887122339
18000	0.599638	1.476184	0.014760	0.00000003871283271728
18100	0.599663	1.476251	0.014761	0.00000003786624191982
18200	0.599702	1.476260	0.014759	0.00000003930644387751
18300	0.599670	1.475827	0.014755	0.00000003410081572675
18400	0.599751	1.476344	0.014759	0.00000003603217058057
18500	0.599707	1.476202	0.014759	0.00000003715737895149
18600	0.599797	1.476653	0.014763	0.00000004873040793107
18700	0.599891	1.477153	0.014767	0.00000005309800155118
18800	0.599958	1.477495	0.014769	0.00000005471878172791
18900	0.599993	1.477959	0.014774	0.00000005997202290331
19000	0.600033	1.478064	0.014774	0.00000006751649217485
19100	0.600009	1.477790	0.014772	0.00000007530630030672
19200	0.600035	1.477692	0.014772	0.00000008624895397880
19300	0.599985	1.477168	0.014767	0.00000008472095092138
19400	0.599945	1.476938	0.014766	0.00000007964173764918
19500	0.599953	1.477000	0.014767	0.00000007609757379790
19600	0.600004	1.477115	0.014768	0.00000007518009170759
19700	0.600003	1.477049	0.014767	0.00000007916588451451
19800	0.600071	1.477451	0.014770	0.00000008724816114025
19900	0.600132	1.477532	0.014770	0.00000008018263608633
20000	0.600229	1.477945	0.014772	0.00000007707772864407
20100	0.600299	1.478184	0.014774	0.00000007354148401362
20200	0.600248	1.477685	0.014770	0.00000007286182035493
20300	0.600209	1.477314	0.014766	0.00000006825390475029
20400	0.600221	1.477133	0.014764	0.00000006248196182668
20500	0.600173	1.476690	0.014761	0.00000005430326499578
20600	0.600153	1.476504	0.014759	0.00000004605555314896
20700	0.600168	1.476566	0.014760	0.00000004849150192499
20800	0.600187	1.476627	0.014760	0.00000004729488445321
20900	0.600215	1.476927	0.014763	0.00000005118874746302
21000	0.600224	1.476749	0.014762	0.00000005548843318159
21100	0.600266	1.476811	0.014763	0.00000004789637531033
21200	0.600311	1.477242	0.014768	0.00000004953378218708
21300	0.600382	1.477361	0.014768	0.00000005129621238886
21400	0.600445	1.478015	0.014773	0.00000004480774173921
21500	0.600435	1.477854	0.014771	0.00000004921124063806
21600	0.600434	1.477686	0.014770	0.00000004240379936071
21700	0.600398	1.477503	0.014769	0.00000003761805222879
21800	0.600406	1.477495	0.014769	0.00000003074523480251
21900	0.600379	1.477267	0.014767	0.00000002458259196203
22000	0.600373	1.477524	0.014770	0.00000001769001345409
22100	0.600366	1.477502	0.014769	0.00000002153833200680
22200	0.600420	1.477799	0.014771	0.00000003499281397978
22300	0.600449	1.478327	0.014775	0.00000003675097981493
22400	0.600329	1.477566	0.014769	0.00000003279912119680
22500	0.600331	1.477466	0.014768	0.00000003450155450224
22600	0.600319	1.477699	0.014771	0.00000003134223169887
22700	0.600335	1.477422	0.014768	0.00000002441737700920
22800	0.600387	1.477619	0.014770	0.00000003119109792671
22900	0.600479	1.478300	0.014776	0.00000003838259909905
23000	0.600497	1.478291	0.014775	0.00000002165431922663
23100	0.600495	1.478496	0.014777	0.00000002547358013416
23200	0.600558	1.479056	0.014782	0.00000001907255442468
23300	0.600552	1.478708	0.014779	0.00000001804388594095
23400	0.600566	1.478805	0.014780	0.00000002655778819083
23500	0.600520	1.478492	0.014777	0.00000002806723231608
23600	0.600428	1.477733	0.014771	0.00000001754269751686
23700	0.600401	1.477549	0.014770	0.00000000891514928547
23800	0.600380	1.477643	0.014771	0.00000000744033035183
23900	0.600420	1.477808	0.014772	0.00000001002244265358
24000	0.600407	1.477736	0.014772	0.00000002013963196212
24100	0.600470	1.477919	0.014773	0.00000002480758132251
24200	0.600471	1.477905	0.014773	0.00000003194933229089
24300	0.600424	1.477472	0.014770	0.00000002443654478768
24400	0.600436	1.477644	0.014771	0.00000002604911730764
24500	0.600439	1.477561	0.014771	0.00000002338410598490
24600	0.600435	1.477792	0.014773	0.00000002815685151702
24700	0.600434	1.477692	0.014772	0.00000002768368845274
24800	0.600453	1.477853	0.014773	0.00000002609504301532
24900	0.600425	1.477807	0.014773	0.00000002446684677082
25000	0.600426	1.477813	0.014773	0.00000003117663749386
25100	0.600454	1.478048	0.014775	0.00000003081843624742
25200	0.600456	1.477881	0.014773	0.00000002500627505064
25300	0.600411	1.477634	0.014771	0.00000002593008363583
25400	0.600429	1.478062	0.014775	0.00000002980968427657
25500	0.600438	1.477944	0.014774	0.00000001791986958821
25600	0.600419	1.478147	0.014776	0.00000000686363454960
25700	0.600366	1.477774	0.014774	0.00000000057040372425
25800	0.600347	1.477604	0.014772	0.00000000324543703023
25900	0.600296	1.477162	0.014768	0.00000001091888091054
26000	0.600268	1.476853	0.014765	0.00000000864395066635
26100	0.600247	1.477031	0.014767	0.00000001684328831963
26200	0.600233	1.476714	0.014764	0.00000001111543368459
26300	0.600187	1.476439	0.014762	0.00000002003740529055
26400	0.600179	1.476349	0.014761	0.00000000183615478377
26500	0.600219	1.476544	0.014763	0.00000000836736679943
26600	0.600224	1.476499	0.014762	0.00000000471234784527
26700	0.600238	1.476559	0.014763	0.00000000880508777001
26800	0.600237	1.476580	0.014764	0.00000000254392573673
26900	0.600188	1.476109	0.014760	0.00000000920877907262
27000	0.600239	1.476708	0.014765	0.00000000941567113166
27100	0.600246	1.476770	0.014766	0.00000001327268184248
27200	0.600230	1.476714	0.014765	0.00000001962238216358
27300	0.600286	1.477012	0.014767	0.00000001741251209886
27400	0.600273	1.476973	0.014767	0.00000002105990160040
27500	0.600277	1.476857	0.014766	0.00000002385886643808
27600	0.600305	1.477106	0.014768	0.00000002869183335363
27700	0.600364	1.477450	0.014772	0.00000003106984869383
27800	0.600335	1.477362	0.014771	0.00000003572964324405
27900	0.600328	1.477324	0.014771	0.00000003858449360017
28000	0.600318	1.477176	0.014770	0.00000003924315428172
28100	0.600266	1.476984	0.014768	0.00000004055232638578
28200	0.600287	1.477378	0.014772	0.00000004564290478903
28300	0.600272	1.477182	0.014770	0.00000004343191140066
28400	0.600215	1.476703	0.014766	0.00000002471957394334
28500	0.600235	1.476901	0.014767	0.00000003372871004714
28600	0.600189	1.476371	0.014763	0.00000003835838979782
28700	0.600188	1.476443	0.014763	0.00000001408473204734
28800	0.600185	1.476332	0.014762	0.00000002386685316047
28900	0.600181	1.476286	0.014762	0.00000000898410879024
29000	0.600182	1.476262	0.014762	0.00000000623196183547
29100	0.600167	1.476108	0.014761	0.00000000947478406843
29200	0.600200	1.476095	0.014760	0.00000001160653928522
29300	0.600228	1.476359	0.014762	0.00000000287756996009
29400	0.600255	1.476428	0.014762	0.00000001143449002150
29500	0.600263	1.476255	0.014761	0.00000001764384016667
29600	0.600260	1.476412	0.014763	0.00000001687768724778
29700	0.600236	1.476222	0.014761	0.00000002268603593869
29800	0.600259	1.476515	0.014763	0.00000000679818956684
29900	0.600251	1.476572	0.014764	0.00000000798952681791
30000	0.600176	1.476098	0.014760	0.00000000819605028290
30100	0.600190	1.476016	0.014759	0.00000000218714890643
30200	0.600166	1.476002	0.014759	0.00000000979129533007
30300	0.600209	1.476260	0.014761	0.00000002049653180514
30400	0.600208	1.476319	0.014762	0.00000002170425861259
30500	0.600182	1.476022	0.014760	0.00000002076117389116
30600	0.600179	1.476260	0.014762	0.00000001029039164990
30700	0.600144	1.476251	0.014763	0.00000000828776891559
30800	0.600206	1.476544	0.014765	0.00000000566588598261
30900	0.600165	1.476403	0.014764	0.00000000058809468406
31000	0.600148	1.476359	0.014764	0.00000000490540275067
31100	0.600137	1.476288	0.014764	0.00000000334103056332
31200	0.600146	1.476244	0.014763	0.00000000315432102660
31300	0.600128	1.476056	0.014762	0.00000001746720013074
31400	0.600123	1.476090	0.014762	0.00000003302726026000
31500	0.600113	1.476064	0.014761	0.00000003784283109098
31600	0.600067	1.475717	0.014758	0.00000005289807192277
31700	0.600111	1.475882	0.014759	0.00000005723860052598
31800	0.600053	1.475565	0.014757	0.00000004406300702087
31900	0.600007	1.475583	0.014758	0.00000004731335478958
32000	0.599981	1.475497	0.014757	0.00000005579822115465
32100	0.600009	1.475495	0.014756	0.00000006186548628939
32200	0.600011	1.475674	0.014758	0.00000006416065412296
32300	0.600008	1.475681	0.014758	0.00000006826697029894
32400	0.600011	1.476041	0.014762	0.00000007593599571365
32500	0.600038	1.476218	0.014764	0.00000006700431987028
32600	0.600024	1.476312	0.014765	0.00000006565594512509
32700	0.600018	1.476239	0.014765	0.00000006708741362438
32800	0.600031	1.476161	0.014764	0.00000006067255364783
32900	0.600023	1.476065	0.014763	0.00000006473768610071
33000	0.600034	1.475988	0.014763	0.00000005455096285800
33100	0.600028	1.475945	0.014762	0.00000005882816256353
33200	0.600047	1.475858	0.014761	0.00000004609761816710
33300	0.600050	1.475966	0.014763	0.00000005096910338231
33400	0.600023	1.475896	0.014762	0.00000006490601123232
33500	0.600060	1.476012	0.014763	0.00000006959040588228
33600	0.600074	1.475920	0.014762	0.00000007876029273213
33700	0.600129	1.476356	0.014766	0.00000007863986573042
33800	0.600166	1.476849	0.014770	0.00000006306363586894
33900	0.600167	1.476838	0.014770	0.00000005767664945644
34000	0.600152	1.476774	0.014770	0.00000005583317541635
34100	0.600165	1.476891	0.014771	0.00000005046353312999
34200	0.600145	1.476560	0.014768	0.00000005842206363127
34300	0.600145	1.476681	0.014769	0.00000005739965658336
34400	0.600149	1.476653	0.014769	0.00000005916064949041
34500	0.600142	1.476730	0.014769	0.00000006275929864685
34600	0.600130	1.476619	0.014768	0.00000005379437917341
34700	0.600144	1.476571	0.014767	0.00000005272081970986
34800	0.600134	1.476556	0.014767	0.00000004740653292146
34900	0.600127	1.476555	0.014767	0.00000004724322866245
35000	0.600180	1.477044	0.014772	0.00000004905149597612
35100	0.600207	1.477047	0.014772	0.00000004163263378487
35200	0.600214	1.477136	0.014772	0.00000004239863371502
35300	0.600233	1.477228	0.014772	0.00000003855990748924
35400	0.600240	1.477268	0.014773	0.00000004491668081918
35500	0.600202	1.476975	0.014770	0.00000005389002799561
35600	0.600233	1.477268	0.014773	0.00000006008423136805
35700	0.600223	1.477185	0.014773	0.00000005830452054489
35800	0.600202	1.476996	0.014771	0.00000006432202059869
35900	0.600216	1.476976	0.014771	0.00000006527402929279
36000	0.600238	1.477128	0.014772	0.00000005995599416941
36100	0.600238	1.477128	0.014772	0.00000005995599017261
100	0.813771	4.149579	0.040830	0.00000000000536548583
200	0.814440	4.214938	0.041617	0.00000000001323741117
300	0.802743	3.976529	0.039684	0.00000000003949107708
400	0.804607	3.991281	0.039690	0.00000000003951816652
500	0.803129	3.948046	0.039339	0.00000000033685321199
600	0.799823	3.864769	0.038601	0.00000000061975269361
700	0.801056	3.877075	0.038700	0.00000000044262637999
800	0.802065	3.869933	0.038622	0.00000000047790837954
900	0.801917	3.891383	0.038929	0.00000000056323878894
1000	0.801076	3.877568	0.038777	0.00000000077458262027
1100	0.802206	3.938266	0.039363	0.00000000107859765563
1200	0.799830	3.905647	0.039115	0.00000000166258162793
1300	0.800198	3.914148	0.039205	0.00000000160859858767
1400	0.799324	3.890708	0.039013	0.00000000058603832898
1500	0.799630	3.903764	0.039151	0.00000000018518608869
1600	0.799257	3.919805	0.039308	0.00000000041378900306
1700	0.800476	3.949220	0.039553	0.00000000018424639592
1800	0.800690	3.942483	0.039493	0.00000000061529803475
1900	0.800578	3.936124	0.039441	0.00000000080820994341
2000	0.800632	3.955924	0.039645	0.00000000068857097801
2100	0.800147	3.946054	0.039557	0.00000000084184081928
2200	0.800592	3.960343	0.039685	0.00000000203280370314
2300	0.800315	3.963744	0.039737	0.00000000206892680765
2400	0.800349	3.953732	0.039640	0.00000000296677571399
2500	0.800706	3.956625	0.039657	0.00000000273736633360
2600	0.800073	3.941198	0.039516	0.00000000204093142386
2700	0.799692	3.939391	0.039508	0.00000000168847646975
2800	0.799620	3.919550	0.039323	0.00000000145226941584
2900	0.798698	3.900054	0.039146	0.00000000149609924449
3000	0.798865	3.907925	0.039217	0.00000000059882188097
3100	0.799531	3.920313	0.039321	0.00000000020833379466
3200	0.799247	3.913834	0.039275	0.00000000089964613537
3300	0.799616	3.930913	0.039432	0.00000000092589491629
3400	0.799170	3.920932	0.039318	0.00000000293303248355
3500	0.798878	3.914967	0.039269	0.00000000307056513549
3600	0.798434	3.909993	0.039235	0.00000000334811067759
3700	0.798515	3.903278	0.039163	0.00000000416282164295
3800	0.799052	3.907491	0.039179	0.00000000303568326032
3900	0.799643	3.909554	0.039180	0.00000000288670953807
4000	0.799408	3.911512	0.039205	0.00000000336183303418
4100	0.799940	3.916165	0.039231	0.00000000475083350437
4200	0.799993	3.920564	0.039283	0.00000000538044364617
4300	0.800308	3.917739	0.039241	0.00000000706787517402
4400	0.800589	3.920534	0.039251	0.00000000758638574183
4500	0.800240	3.910563	0.039151	0.00000000769129959721
4600	0.800536	3.930721	0.039347	0.00000000604037131424
4700	0.800258	3.923905	0.039285	0.00000000243667175326
4800	0.800272	3.914225	0.039194	0.00000000127975186004
4900	0.799772	3.904523	0.039100	0.00000000099904218231
5000	0.799363	3.905876	0.039132	0.00000000356354812325
5100	0.799534	3.914087	0.039198	0.00000000146198431139
5200	0.799295	3.910090	0.039166	0.00000000106140873868
5300	0.799100	3.915599	0.039227	0.00000000249087106496
5400	0.799259	3.924625	0.039308	0.00000000344339401437
5500	0.799082	3.926042	0.039319	0.00000000453674786627
5600	0.799324	3.929154	0.039342	0.00000000274752753882
5700	0.799233	3.926117	0.039310	0.00000000496561369800
5800	0.799124	3.920291	0.039258	0.00000000411155776092
5900	0.799348	3.931834	0.039360	0.00000000014914114388
6000	0.799465	3.930535	0.039341	0.00000000039325254164
6100	0.799241	3.926706	0.039307	0.00000000055675775101
6200	0.799183	3.925715	0.039297	0.00000000029480684560
6300	0.799417	3.935759	0.039388	0.00000000024847857105
6400	0.799270	3.930774	0.039342	0.00000000092246876804
6500	0.799069	3.924668	0.039283	0.00000000074264638883
6600	0.799268	3.926749	0.039296	0.00000000012105960678
6700	0.799144	3.920914	0.039239	0.00000000125167165521
6800	0.798985	3.917216	0.039201	0.00000000040489611663
6900	0.799079	3.912848	0.039157	0.00000000149528167626
7000	0.798913	3.907336	0.039108	0.00000000071151884384
7100	0.798887	3.901501	0.039051	0.00000000182359105594
7200	0.799104	3.909569	0.039125	0.00000000178718551069
7300	0.799288	3.908749	0.039108	0.00000000050419179942
7400	0.799319	3.912169	0.039147	0.00000000741888195321
7500	0.799553	3.914567	0.039162	0.00000000493772622789
7600	0.799608	3.916121	0.039167	0.00000000029811753066
7700	0.799683	3.917134	0.039169	0.00000000146473810858
7800	0.799353	3.908374	0.039093	0.00000000348017747953
7900	0.799433	3.912716	0.039133	0.00000000000947064649
8000	0.799490	3.912919	0.039133	0.00000000021330892608
8100	0.799577	3.917471	0.039178	0.00000000016364154476
8200	0.799960	3.926072	0.039257	0.00000000242765185732
8300	0.799697	3.920158	0.039206	0.00000000303374703137
8400	0.799444	3.912591	0.039141	0.00000000101808517172
8500	0.799385	3.910537	0.039120	0.00000000040129588541
8600	0.799501	3.908804	0.039097	0.00000000020006218904
8700	0.799311	3.905994	0.039075	0.00000000209705719456
8800	0.799276	3.902632	0.039035	0.00000000637635499956
8900	0.799288	3.906123	0.039071	0.00000000048172665856
9000	0.799411	3.908629	0.039092	0.00000000159822155510
9100	0.799488	3.909591	0.039099	0.00000000442058212258
9200	0.799518	3.911440	0.039115	0.00000000590148241386
9300	0.799357	3.908485	0.039088	0.00000000690670010073
9400	0.799343	3.902715	0.039027	0.00000000209114903171
9500	0.799299	3.897279	0.038974	0.00000000097101260366
9600	0.799296	3.897309	0.038976	0.00000000603999072979
9700	0.799309	3.894824	0.038947	0.00000000607824590659
9800	0.799310	3.896801	0.038969	0.00000000071996764106
9900	0.799088	3.892086	0.038928	0.00000000923370579997
10000	0.799255	3.898742	0.038990	0.00000000843441716469
10100	0.799098	3.892623	0.038934	0.00000001138229244191
10200	0.799070	3.890065	0.038905	0.00000001318794984329
10300	0.799101	3.885751	0.038861	0.00000001323242004858
10400	0.799006	3.880783	0.038813	0.00000001250377135165
10500	0.798929	3.878735	0.038796	0.00000001081958256322
10600	0.798876	3.877832	0.038790	0.00000001123108184231
10700	0.798987	3.883259	0.038843	0.00000001200472476981
10800	0.798883	3.881006	0.038819	0.00000000909727360110
10900	0.798877	3.881767	0.038832	0.00000000987243709005
11000	0.798756	3.878023	0.038798	0.00000001618887246480
11100	0.798860	3.878371	0.038802	0.00000001269866434228
11200	0.798844	3.877932	0.038801	0.00000001527134152468
11300	0.798807	3.875037	0.038775	0.00000001063248733502
11400	0.798652	3.867660	0.038705	0.00000001030122520618
11500	0.798654	3.869199	0.038719	0.00000001045196729166
11600	0.798596	3.869676	0.038726	0.00000001248516623420
11700	0.798769	3.872425	0.038751	0.00000000565949820341
11800	0.798641	3.871031	0.038743	0.00000000691599089109
11900	0.798469	3.867876	0.038714	0.00000000934544397424
12000	0.798518	3.871080	0.038747	0.00000001589486320341
12100	0.798541	3.873230	0.038770	0.00000001218250922363
12200	0.798626	3.872328	0.038757	0.00000001576978991835
12300	0.798551	3.870020	0.038731	0.00000001600680032965
12400	0.798582	3.876309	0.038794	0.00000001632325741241
12500	0.798556	3.872841	0.038758	0.00000001723076081817
12600	0.798412	3.868979	0.038725	0.00000001809881311488
12700	0.798489	3.868892	0.038723	0.00000001998227938671
12800	0.798347	3.865383	0.038692	0.00000002454403169594
12900	0.798343	3.865553	0.038692	0.00000002404376342469
13000	0.798387	3.869587	0.038731	0.00000002142971622376
13100	0.798373	3.867976	0.038716	0.00000001657774806318
13200	0.798344	3.870146	0.038741	0.00000002142173549657
13300	0.798544	3.881046	0.038845	0.00000002149654143579
13400	0.798523	3.882259	0.038860	0.00000001911207103689
13500	0.798443	3.879596	0.038834	0.00000001199463195434
13600	0.798422	3.877148	0.038810	0.00000000484645568122
13700	0.798427	3.875083	0.038790	0.00000000132803679165
13800	0.798487	3.873772	0.038774	0.00000000017746071279
13900	0.798463	3.870669	0.038745	0.00000000021086554725
14000	0.798417	3.869526	0.038738	0.00000000690917412172
14100	0.798439	3.869333	0.038733	0.00000001285874207113
14200	0.798488	3.869575	0.038735	0.00000001736586474621
14300	0.798545	3.869547	0.038734	0.00000002092833284451
14400	0.798427	3.866914	0.038708	0.00000001651177550244
14500	0.798453	3.869828	0.038736	0.00000001895632317783
14600	0.798675	3.875714	0.038784	0.00000002417881628247
14700	0.798644	3.875420	0.038780	0.00000001647975800267
14800	0.798638	3.872964	0.038758	0.00000001589415532521
14900	0.798582	3.873557	0.038768	0.00000001808215044363
15000	0.798531	3.872527	0.038759	0.00000001162625506979
15100	0.798523	3.870467	0.038737	0.00000000880161499239
15200	0.798595	3.873810	0.038766	0.00000001299414931211
15300	0.798684	3.874717	0.038773	0.00000001248588743508
15400	0.798723	3.877248	0.038798	0.00000000963999058357
15500	0.798719	3.876027	0.038785	0.00000000086001694655
15600	0.798795	3.878476	0.038807	0.00000000259382426648
15700	0.798707	3.877455	0.038801	0.00000000390298637853
15800	0.798617	3.874151	0.038768	0.00000000370306096897
15900	0.798623	3.875726	0.038782	0.00000000473468109163
16000	0.798609	3.878774	0.038813	0.00000000892050255885
16100	0.798605	3.877743	0.038804	0.00000001226033496948
16200	0.798843	3.885732	0.038879	0.00000001608427169231
16300	0.798890	3.887210	0.038892	0.00000002182074432255
16400	0.798808	3.884363	0.038864	0.00000002080650096659
16500	0.798809	3.883565	0.038854	0.00000002803820686736
16600	0.798762	3.881520	0.038833	0.00000002861218684203
16700	0.798784	3.882257	0.038839	0.00000002690527400873
16800	0.798882	3.884395	0.038857	0.00000002392463294143
16900	0.798777	3.882670	0.038842	0.00000002870695681167
17000	0.798854	3.884074	0.038856	0.00000002946657051695
17100	0.798816	3.882514	0.038843	0.00000003537584847280
17200	0.798728	3.880359	0.038827	0.00000003486780908446
17300	0.798654	3.877652	0.038800	0.00000003612479959614
17400	0.798649	3.877316	0.038796	0.00000003204778575849
17500	0.798665	3.876129	0.038787	0.00000003944453785820
17600	0.798738	3.879366	0.038820	0.00000004576532486311
17700	0.798636	3.876537	0.038792	0.00000004721005097963
17800	0.798735	3.877908	0.038804	0.00000005141348147220
17900	0.798769	3.878525	0.038809	0.00000005392932145298
18000	0.798882	3.883421	0.038855	0.00000005704190852995
18100	0.798988	3.888523	0.038903	0.00000005580501127866
18200	0.798999	3.888826	0.038905	0.00000005414706416573
18300	0.798888	3.885697	0.038879	0.00000005051662954614
18400	0.798844	3.885402	0.038876	0.00000005379401279981
18500	0.798835	3.886043	0.038885	0.00000005699819283222
18600	0.798861	3.885556	0.038879	0.00000004665302721918
18700	0.798919	3.889114	0.038915	0.00000004250462115607
18800	0.798871	3.887463	0.038899	0.00000002708348523228
18900	0.798894	3.887927	0.038903	0.00000002712829649809
19000	0.798943	3.888925	0.038911	0.00000002171806023910
19100	0.799012	3.890743	0.038929	0.00000001882915334761
19200	0.798904	3.888407	0.038905	0.00000001964407170263
19300	0.799024	3.892544	0.038942	0.00000001293747642350
19400	0.798945	3.890773	0.038927	0.00000002152283551382
19500	0.798946	3.889925	0.038920	0.00000001368825097714
19600	0.798917	3.888643	0.038910	0.00000000843143421747
19700	0.798875	3.887187	0.038895	0.00000000857928350584
19800	0.798910	3.887922	0.038903	0.00000000751359863216
19900	0.798936	3.889388	0.038919	0.00000000170030567404
20000	0.798889	3.889542	0.038922	0.00000000580100945058
20100	0.798906	3.891316	0.038937	0.00000000141758338401
20200	0.798858	3.891070	0.038935	0.00000000245134268440
20300	0.798828	3.888397	0.038912	0.00000000800763633180
20400	0.798764	3.886221	0.038894	0.00000000629674579145
20500	0.798796	3.884684	0.038878	0.00000000662842847277
20600	0.798739	3.883121	0.038866	0.00000001124993920243
20700	0.798754	3.885877	0.038891	0.00000000435132596621
20800	0.798818	3.887015	0.038897	0.00000001942802541066
20900	0.798733	3.886420	0.038894	0.00000001276722416677
21000	0.798684	3.884538	0.038877	0.00000000186901560895
21100	0.798712	3.887162	0.038905	0.00000000822590306981
21200	0.798765	3.889996	0.038929	0.00000000295017388297
21300	0.798784	3.889778	0.038927	0.00000000150014001221
21400	0.798783	3.889445	0.038927	0.00000000223423279877
21500	0.798775	3.887714	0.038910	0.00000000047325210417
21600	0.798783	3.888758	0.038922	0.00000000200664151961
21700	0.798843	3.893993	0.038974	0.00000000484261031275
21800	0.798909	3.893780	0.038972	0.00000001348047362626
21900	0.798916	3.892884	0.038963	0.00000001191134035849
22000	0.798909	3.892568	0.038962	0.00000000722499704509
22100	0.798931	3.892717	0.038965	0.00000000148579681891
22200	0.798947	3.892580	0.038966	0.00000000795277177446
22300	0.798955	3.891767	0.038961	0.00000001640368552103
22400	0.798936	3.894272	0.038985	0.00000001701518526076
22500	0.798892	3.894132	0.038984	0.00000001070629140898
22600	0.798888	3.894258	0.038986	0.00000000393144672373
22700	0.798894	3.894203	0.038985	0.00000000075680617329
22800	0.799005	3.896189	0.039003	0.00000000614837025736
22900	0.799011	3.897072	0.039011	0.00000001167317575934
23000	0.799011	3.899562	0.039036	0.00000001553971973323
23100	0.799045	3.899698	0.039037	0.00000000479272577181
23200	0.799048	3.900451	0.039041	0.00000001426798101889
23300	0.799052	3.899697	0.039029	0.00000001914186276153
23400	0.799100	3.901981	0.039052	0.00000001412044214888
23500	0.799126	3.903389	0.039065	0.00000001302122587532
23600	0.799274	3.906188	0.039088	0.00000001705438501531
23700	0.799269	3.908469	0.039110	0.00000001657064929717
23800	0.799317	3.910322	0.039127	0.00000002295767043137
23900	0.799350	3.911734	0.039142	0.00000001075726929756
24000	0.799330	3.911410	0.039141	0.00000000004435474210
24100	0.799367	3.914139	0.039168	0.00000000683633860632
24200	0.799376	3.914452	0.039170	0.00000000299038216411
24300	0.799449	3.915763	0.039183	0.00000000206899830602
24400	0.799403	3.915102	0.039178	0.00000001098354518447
24500	0.799424	3.914588	0.039174	0.00000001431233531690
24600	0.799455	3.914303	0.039168	0.00000001016442041646
24700	0.799374	3.912242	0.039148	0.00000000519904252982
24800	0.799375	3.912796	0.039155	0.00000000775073827342
24900	0.799381	3.912411	0.039151	0.00000001405837934954
25000	0.799376	3.912827	0.039156	0.00000002996032621994
25100	0.799389	3.912008	0.039148	0.00000002765055207021
25200	0.799356	3.911095	0.039140	0.00000002674009991210
25300	0.799331	3.911942	0.039149	0.00000002720488456731
25400	0.799322	3.910159	0.039131	0.00000003604288245640
25500	0.799297	3.909997	0.039132	0.00000003582187479978
25600	0.799331	3.909917	0.039131	0.00000003660823555407
25700	0.799335	3.908009	0.039111	0.00000003458605624118
25800	0.799380	3.907835	0.039110	0.00000003369761980565
25900	0.799411	3.908000	0.039110	0.00000003062668341158
26000	0.799395	3.907339	0.039103	0.00000002089092365765
26100	0.799415	3.906477	0.039096	0.00000002211604055447
26200	0.799408	3.907088	0.039103	0.00000001821684758596
26300	0.799400	3.906692	0.039098	0.00000000370386299409
26400	0.799374	3.906119	0.039093	0.00000001193147713963
26500	0.799340	3.905607	0.039088	0.00000000720323489745
26600	0.799261	3.903184	0.039066	0.00000001693568929539
26700	0.799236	3.901962	0.039055	0.00000001559950346675
26800	0.799234	3.902764	0.039062	0.00000002747001959236
26900	0.799189	3.901518	0.039052	0.00000003589694674844
27000	0.799121	3.900410	0.039044	0.00000003659715597237
27100	0.799148	3.901405	0.039052	0.00000004327814906446
27200	0.799206	3.902048	0.039058	0.00000003907835655070
27300	0.799157	3.901577	0.039053	0.00000004423941035725
27400	0.799144	3.902099	0.039059	0.00000005147826209750
27500	0.799095	3.900694	0.039046	0.00000005260506297233
27600	0.799162	3.900933	0.039046	0.00000005481269926833
27700	0.799156	3.900716	0.039045	0.00000005683952242208
27800	0.799185	3.901175	0.039050	0.00000005319303175710
27900	0.799124	3.899348	0.039034	0.00000005130158786670
28000	0.799123	3.898727	0.039028	0.00000004372809225828
28100	0.799109	3.898934	0.039031	0.00000004535264475081
28200	0.799113	3.899804	0.039038	0.00000002878777838333
28300	0.799166	3.899360	0.039032	0.00000002255435704868
28400	0.799129	3.898734	0.039026	0.00000001449883457738
28500	0.799107	3.898760	0.039026	0.00000000804128896803
28600	0.799087	3.898804	0.039027	0.00000001650666980879
28700	0.799108	3.901526	0.039054	0.00000002712958879769
28800	0.799124	3.901896	0.039057	0.00000001902101409712
28900	0.799134	3.902452	0.039063	0.00000001644508396126
29000	0.799113	3.902435	0.039063	0.00000001557549378362
29100	0.799128	3.902149	0.039060	0.00000001340730770849
29200	0.799106	3.900881	0.039048	0.00000000312327275154
29300	0.799169	3.901878	0.039056	0.00000000340702577262
29400	0.799182	3.902664	0.039063	0.00000001064229193659
29500	0.799183	3.901906	0.039056	0.00000000945538802810
29600	0.799157	3.901413	0.039051	0.00000000864557092584
29700	0.799132	3.900174	0.039040	0.00000001618937250925
29800	0.799155	3.900100	0.039040	0.00000002253749276093
29900	0.799117	3.899008	0.039027	0.00000002824870426466
30000	0.799123	3.898138	0.039019	0.00000003397128311988
30100	0.799139	3.899299	0.039032	0.00000004630765459979
30200	0.799093	3.897240	0.039012	0.00000005064086749940
30300	0.799104	3.897990	0.039019	0.00000004784856910689
30400	0.799146	3.899873	0.039037	0.00000005279945680670
30500	0.799174	3.900509	0.039043	0.00000006627285298322
30600	0.799192	3.900981	0.039046	0.00000004893522120852
30700	0.799094	3.898916	0.039028	0.00000005221393273303
30800	0.799104	3.900550	0.039044	0.00000006635581373260
30900	0.799153	3.902240	0.039059	0.00000006697720067450
31000	0.799172	3.903035	0.039065	0.00000006964081888938
31100	0.799182	3.903213	0.039066	0.00000006440563016241
31200	0.799200	3.902817	0.039063	0.00000006034555344314
31300	0.799211	3.903336	0.039069	0.00000004900522299067
31400	0.799157	3.902741	0.039064	0.00000006363707116819
31500	0.799180	3.903778	0.039073	0.00000006344285274906
31600	0.799222	3.904799	0.039083	0.00000005733093555449
31700	0.799222	3.905852	0.039093	0.00000004704568734581
31800	0.799279	3.906013	0.039094	0.00000003623631572580
31900	0.799296	3.907546	0.039109	0.00000004317072122006
32000	0.799336	3.908475	0.039116	0.00000004097015571247
32100	0.799325	3.907950	0.039112	0.00000004024345123810
32200	0.799317	3.908130	0.039114	0.00000004309903500754
32300	0.799300	3.907201	0.039105	0.00000003747242427465
32400	0.799259	3.906892	0.039103	0.00000001991932752077
32500	0.799298	3.909046	0.039123	0.00000002689253264521
32600	0.799298	3.908342	0.039116	0.00000001897219581437
32700	0.799283	3.908378	0.039117	0.00000000872839533983
32800	0.799294	3.908427	0.039117	0.00000000331788996277
32900	0.799299	3.908338	0.039116	0.00000000917948872470
33000	0.799317	3.910047	0.039133	0.00000001060890975069
33100	0.799282	3.908426	0.039118	0.00000000955256407309
33200	0.799259	3.908143	0.039116	0.00000001048403985848
33300	0.799205	3.906644	0.039101	0.00000002113024200057
33400	0.799171	3.905595	0.039092	0.00000001309869679389
33500	0.799143	3.904711	0.039082	0.00000000409333056339
33600	0.799136	3.904776	0.039083	0.00000001607534949599
33700	0.799087	3.903209	0.039068	0.00000001598228083211
33800	0.799049	3.902587	0.039062	0.00000001839975727336
33900	0.799072	3.902758	0.039063	0.00000003253268987535
34000	0.799076	3.903298	0.039068	0.00000004501308836780
34100	0.799175	3.907783	0.039110	0.00000005051995577432
34200	0.799186	3.907397	0.039107	0.00000005252902024466
34300	0.799254	3.909363	0.039124	0.00000004025961519716
34400	0.799242	3.908274	0.039113	0.00000003582442964500
34500	0.799284	3.909084	0.039121	0.00000003534013837125
34600	0.799325	3.910519	0.039133	0.00000003149903093913
34700	0.799299	3.909500	0.039123	0.00000004024617439313
34800	0.799345	3.910378	0.039132	0.00000003418596650206
34900	0.799390	3.911624	0.039143	0.00000004674762621448
35000	0.799399	3.912214	0.039148	0.00000004704746281448
35100	0.799366	3.912757	0.039154	0.00000005116879231437
35200	0.799333	3.910573	0.039133	0.00000004819785903720
35300	0.799314	3.910349	0.039131	0.00000005273479652956
35400	0.799329	3.910993	0.039137	0.00000005377980061283
35500	0.799325	3.911036	0.039138	0.00000004947815002154
35600	0.799327	3.911825	0.039145	0.00000005249954959652
35700	0.799257	3.909578	0.039123	0.00000006853966283416
35800	0.799302	3.910730	0.039133	0.00000007759687647990
35900	0.799301	3.911639	0.039141	0.00000007165764159822
36000	0.799268	3.910741	0.039132	0.00000007257985101816
36100	0.799268	3.910741	0.039132	0.00000007257985012998
100	0.939711	14.487466	0.146439	0.00000000000945377110
200	0.940168	13.238284	0.133341	0.00000000002370192931
300	0.933723	12.057300	0.121966	0.00000000003774580648
400	0.942963	16.960907	0.169979	0.00000000000781597009
500	0.947976	18.448906	0.184413	0.00000000010870238043
600	0.948187	17.653153	0.176354	0.00000000017451640133
700	0.948441	17.479176	0.174532	0.00000000054951598827
800	0.948973	17.690741	0.176593	0.00000000058099658418
900	0.946527	17.012231	0.170024	0.00000000056248339320
1000	0.945368	16.556713	0.165656	0.00000000004706635082
1100	0.946833	17.053919	0.170794	0.00000000014449597074
1200	0.946392	16.901994	0.169276	0.00000000024249402486
1300	0.945579	16.663910	0.166980	0.00000000055010218603
1400	0.943752	16.275297	0.163112	0.00000000065558225515
1500	0.944660	16.665994	0.166913	0.00000000077114847841
1600	0.945631	16.745075	0.167581	0.00000000076171957630
1700	0.947811	17.792557	0.177984	0.00000000067581495955
1800	0.947602	17.695371	0.176962	0.00000000053584159332
1900	0.946776	17.449681	0.174589	0.00000000160409641126
2000	0.946168	17.370177	0.173866	0.00000000116036602549
2100	0.947227	18.790036	0.187945	0.00000000127099752945
2200	0.947399	18.795978	0.187942	0.00000000151508672275
2300	0.947703	18.695051	0.186991	0.00000000189546867091
2400	0.948207	18.690261	0.186911	0.00000000147270995399
2500	0.947827	18.562516	0.185646	0.00000000174394543251
2600	0.947212	18.333507	0.183427	0.00000000237316655216
2700	0.947558	18.311161	0.183183	0.00000000173048064767
2800	0.947674	18.281166	0.182793	0.00000000083963413999
2900	0.947688	18.335861	0.183397	0.00000000020725110517
3000	0.947802	18.604895	0.186084	0.00000000127784716142
3100	0.947862	18.711045	0.187112	0.00000000107744568822
3200	0.947697	18.704249	0.187125	0.00000000112911990868
3300	0.947292	18.630234	0.186418	0.00000000116532206107
3400	0.947635	18.703882	0.187119	0.00000000084260776134
3500	0.947378	18.542087	0.185541	0.00000000111147357984
3600	0.947947	18.734779	0.187356	0.00000000142629019706
3700	0.948137	18.794819	0.187887	0.00000000179185377647
3800	0.948249	18.665033	0.186578	0.00000000238275532638
3900	0.948030	18.519210	0.185202	0.00000000223780460828
4000	0.948153	18.498866	0.184998	0.00000000210868122963
4100	0.948456	18.477046	0.184741	0.00000000225220730954
4200	0.947808	18.277023	0.182850	0.00000000275418443607
4300	0.948147	18.769134	0.187786	0.00000000212450146364
4400	0.947758	18.698397	0.187082	0.00000000297132274341
4500	0.947782	18.616563	0.186216	0.00000000246567921636
4600	0.947931	18.596409	0.186029	0.00000000208103401178
4700	0.948078	18.671181	0.186792	0.00000000274134492884
4800	0.947571	18.483553	0.184948	0.00000000239081643372
4900	0.947868	18.526698	0.185354	0.00000000378560471859
5000	0.948186	18.484093	0.184914	0.00000000003279509997
5100	0.948451	18.515673	0.185185	0.00000000271987943279
5200	0.948321	18.395787	0.184021	0.00000000453725945704
5300	0.948679	18.400528	0.184023	0.00000000398161148496
5400	0.948749	18.490260	0.184936	0.00000000265821498147
5500	0.948661	18.418584	0.184230	0.00000000454537030237
5600	0.948991	18.548319	0.185480	0.00000000292392243750
5700	0.948946	18.503690	0.185080	0.00000000196305194322
5800	0.948802	18.435457	0.184439	0.00000000077589135117
5900	0.948511	18.340339	0.183517	0.00000000325246318766
6000	0.948432	18.361753	0.183748	0.00000000520210718946
6100	0.948655	18.375518	0.183842	0.00000000561715651770
6200	0.948623	18.329373	0.183376	0.00000000536561017839
6300	0.948262	18.198847	0.182077	0.00000000512788744800
6400	0.948115	18.126500	0.181367	0.00000000478510386870
6500	0.947718	18.001678	0.180172	0.00000000489026419359
6600	0.947555	17.925620	0.179425	0.00000000478430806083
6700	0.947471	17.944379	0.179618	0.00000000823734325195
6800	0.947367	17.916689	0.179326	0.00000001084012524188
6900	0.947442	17.997777	0.180119	0.00000001003441596481
7000	0.947623	18.088959	0.181049	0.00000001093412294040
7100	0.947964	18.277554	0.182908	0.00000000853578896454
7200	0.947867	18.177109	0.181890	0.00000001366680990600
7300	0.947550	18.101492	0.181173	0.00000001444808361839
7400	0.947684	18.090366	0.181034	0.00000000882483774944
7500	0.947603	18.013340	0.180263	0.00000000957885859521
7600	0.947623	18.033116	0.180447	0.00000000900122287817
7700	0.947583	18.019444	0.180319	0.00000000901168561995
7800	0.947526	17.919980	0.179359	0.00000001127909854404
7900	0.947390	17.838799	0.178538	0.00000000960645252235
8000	0.947489	17.829444	0.178426	0.00000000762384289033
8100	0.947628	17.841861	0.178527	0.00000000858453574892
8200	0.947560	17.831483	0.178428	0.00000000711970216116
8300	0.947385	17.775387	0.177900	0.00000000565808733199
8400	0.947621	17.961720	0.179705	0.00000000487285589656
8500	0.947813	17.990422	0.179979	0.00000000726343429847
8600	0.947849	17.958071	0.179647	0.00000000270867417385
8700	0.947802	17.958864	0.179661	0.00000000240799735707
8800	0.947766	17.920530	0.179284	0.00000000123625554238
8900	0.947773	17.889364	0.178973	0.00000000155866075602
9000	0.947899	17.989212	0.179943	0.00000000241246311816
9100	0.947829	17.925150	0.179315	0.00000000124395782564
9200	0.947794	17.927891	0.179333	0.00000000305420044810
9300	0.947763	17.937920	0.179439	0.00000000000420286028
9400	0.947666	17.909847	0.179170	0.00000000210498996012
9500	0.947640	17.858467	0.178666	0.00000000193164950701
9600	0.947734	17.894708	0.179034	0.00000000204750705279
9700	0.947855	17.921234	0.179287	0.00000000221972484837
9800	0.947767	17.880735	0.178860	0.00000000082555828840
9900	0.947702	17.808792	0.178164	0.00000000119351639682
10000	0.947724	17.823255	0.178306	0.00000000134411948238
10100	0.947577	17.777024	0.177868	0.00000000073119110766
10200	0.947509	17.748825	0.177582	0.00000000209403339113
10300	0.947378	17.696091	0.177050	0.00000000321777093859
10400	0.947414	17.669885	0.176788	0.00000000049546855507
10500	0.947747	17.974425	0.179790	0.00000000067386096703
10600	0.947544	17.929197	0.179353	0.00000000239790765022
10700	0.947590	17.949533	0.179564	0.00000000297880120570
10800	0.947576	17.946912	0.179574	0.00000000169434954955
10900	0.947772	17.960676	0.179690	0.00000000634614494288
11000	0.947672	17.899702	0.179096	0.00000000324081028680
11100	0.947526	17.861560	0.178718	0.00000000173293912553
11200	0.947556	17.951748	0.179617	0.00000000443918679593
11300	0.947641	17.977042	0.179885	0.00000000946360145804
11400	0.947817	18.067852	0.180772	0.00000000883991901901
11500	0.947805	18.051212	0.180585	0.00000000578146952535
11600	0.947740	18.005237	0.180119	0.00000000230015118063
11700	0.947571	17.960980	0.179690	0.00000000396449806317
11800	0.947497	17.936583	0.179457	0.00000000377428577281
11900	0.947702	17.992453	0.179984	0.00000000775608199888
12000	0.947812	17.998084	0.180033	0.00000001021298245973
12100	0.947778	17.978192	0.179841	0.00000001313379272005
12200	0.947914	18.052055	0.180567	0.00000001385307513146
12300	0.947983	18.067774	0.180730	0.00000001508042046794
12400	0.947948	18.058158	0.180637	0.00000001790381887190
12500	0.947944	18.061466	0.180674	0.00000001554521134040
12600	0.947955	18.039371	0.180461	0.00000001618668932224
12700	0.948109	18.038916	0.180449	0.00000001322405296378
12800	0.948272	18.082105	0.180847	0.00000001803025995173
12900	0.948465	18.130685	0.181307	0.00000000974915081997
13000	0.948493	18.130130	0.181309	0.00000001188756826309
13100	0.948428	18.092961	0.180939	0.00000001587964604255
13200	0.948372	18.054349	0.180535	0.00000001002841543141
13300	0.948292	18.024762	0.180259	0.00000000889639295565
13400	0.948282	18.021027	0.180220	0.00000000913740549890
13500	0.948393	18.005378	0.180044	0.00000000935229849119
13600	0.948471	18.096252	0.180953	0.00000001096226043273
13700	0.948450	18.049790	0.180489	0.00000001650499470429
13800	0.948446	18.034409	0.180338	0.00000001834153806612
13900	0.948634	18.128557	0.181252	0.00000002660883779981
14000	0.948808	18.183166	0.181786	0.00000002928614861730
14100	0.948618	18.119824	0.181166	0.00000002520251740634
14200	0.948671	18.083509	0.180809	0.00000002570108748046
14300	0.948584	18.051249	0.180492	0.00000003110628910008
14400	0.948630	18.035806	0.180331	0.00000003364059253386
14500	0.948579	17.997246	0.179949	0.00000003397197545496
14600	0.948546	17.959249	0.179569	0.00000003681299176606
14700	0.948509	17.920143	0.179184	0.00000003550277583031
14800	0.948431	17.887711	0.178859	0.00000002933001042038
14900	0.948615	18.009495	0.180052	0.00000002366115126051
15000	0.948801	18.096846	0.180923	0.00000002477737481854
15100	0.948998	18.239424	0.182316	0.00000001965896956335
15200	0.948899	18.201233	0.181951	0.00000002200116355766
15300	0.948957	18.171780	0.181640	0.00000002475018945347
15400	0.949056	18.180952	0.181712	0.00000002101749174699
15500	0.948974	18.136443	0.181282	0.00000001570925789451
15600	0.948907	18.100360	0.180914	0.00000001424693962804
15700	0.949109	18.192572	0.181803	0.00000001545155114968
15800	0.949180	18.214252	0.182013	0.00000000651935749829
15900	0.949215	18.216231	0.182032	0.00000000513436759775
16000	0.949130	18.174467	0.181609	0.00000000114314246957
16100	0.949043	18.144409	0.181317	0.00000000414059186937
16200	0.949036	18.145732	0.181329	0.00000000715931847139
16300	0.948987	18.106937	0.180944	0.00000000848227799111
16400	0.949036	18.120706	0.181082	0.00000000059141314068
16500	0.949112	18.160592	0.181470	0.00000000247047182711
16600	0.949154	18.181767	0.181665	0.00000000146215484165
16700	0.949261	18.186722	0.181697	0.00000000845069081379
16800	0.949268	18.215723	0.181982	0.00000000483150230934
16900	0.949248	18.212528	0.181959	0.00000000325177040850
17000	0.949141	18.179119	0.181634	0.00000000128227739538
17100	0.949184	18.170196	0.181546	0.00000000032151703522
17200	0.949238	18.168234	0.181512	0.00000000368222075053
17300	0.949246	18.161694	0.181445	0.00000000663785826305
17400	0.949283	18.149566	0.181309	0.00000000783983367114
17500	0.949273	18.129429	0.181106	0.00000000951930445581
17600	0.949193	18.095438	0.180767	0.00000001463270393742
17700	0.949218	18.120488	0.181017	0.00000001214208111833
17800	0.949060	18.113074	0.180962	0.00000001331429544393
17900	0.949076	18.094547	0.180778	0.00000002007360677680
18000	0.949025	18.052212	0.180355	0.00000002135372056955
18100	0.949029	18.023233	0.180074	0.00000001644919223054
18200	0.949007	18.013354	0.179974	0.00000001631996937590
18300	0.949055	18.011460	0.179952	0.00000002204251714488
18400	0.949106	18.036415	0.180208	0.00000002243175956096
18500	0.949186	18.021123	0.180045	0.00000003034682194425
18600	0.949171	18.016614	0.179999	0.00000003373378731908
18700	0.949116	17.992541	0.179766	0.00000003260916159320
18800	0.949176	18.030035	0.180133	0.00000003679378934862
18900	0.949243	18.011358	0.179951	0.00000004155704047548
19000	0.949238	18.001131	0.179851	0.00000004873346881595
19100	0.949237	17.986170	0.179699	0.00000004436342493364
19200	0.949195	17.968576	0.179526	0.00000003650136903843
19300	0.949157	17.955583	0.179410	0.00000003253703084738
19400	0.949190	17.960546	0.179463	0.00000003962410488612
19500	0.949180	17.975264	0.179621	0.00000003485475019716
19600	0.949288	18.020629	0.180063	0.00000004768810413225
19700	0.949194	18.003689	0.179900	0.00000004258933117285
19800	0.949173	18.000614	0.179875	0.00000003769687140220
19900	0.949180	17.999674	0.179861	0.00000003683859972625
20000	0.949233	18.034420	0.180201	0.00000003261942538302
20100	0.949170	18.012317	0.180005	0.00000003412691995663
20200	0.949181	18.051906	0.180411	0.00000003629269684780
20300	0.949183	18.037917	0.180271	0.00000005221221499596
20400	0.949190	18.046469	0.180361	0.00000005293407667750
20500	0.949237	18.054853	0.180437	0.00000005306234740488
20600	0.949254	18.079982	0.180695	0.00000005443514083936
20700	0.949208	18.093496	0.180833	0.00000005609295783415
20800	0.949175	18.081036	0.180711	0.00000006685465336886
20900	0.949160	18.078518	0.180691	0.00000006504777516625
21000	0.949080	18.058388	0.180497	0.00000007164769044721
21100	0.949095	18.077330	0.180691	0.00000005678503001150
21200	0.949107	18.059262	0.180514	0.00000004923148111402
21300	0.949174	18.064324	0.180549	0.00000005177090045549
21400	0.949177	18.069332	0.180603	0.00000005482243636834
21500	0.949117	18.061129	0.180533	0.00000005090224775017
21600	0.949192	18.060525	0.180521	0.00000004542676634856
21700	0.949208	18.058362	0.180507	0.00000004068082404274
21800	0.949202	18.040788	0.180327	0.00000003176754503897
21900	0.949296	18.042304	0.180337	0.00000001201008359430
22000	0.949162	18.015450	0.180074	0.00000000010921752391
22100	0.949190	18.031656	0.180237	0.00000000538066302624
22200	0.949214	18.014568	0.180056	0.00000000144422074300
22300	0.949289	18.024873	0.180154	0.00000000732922345037
22400	0.949288	18.005752	0.179966	0.00000000890093687644
22500	0.949243	17.985291	0.179776	0.00000001771844537757
22600	0.949242	17.981481	0.179746	0.00000001154626971811
22700	0.949237	17.965565	0.179596	0.00000000599501603915
22800	0.949224	17.952328	0.179463	0.00000001145002670455
22900	0.949298	17.979022	0.179722	0.00000001101638602563
23000	0.949278	17.969235	0.179625	0.00000000955422407856
23100	0.949249	17.962567	0.179548	0.00000000279196754605
23200	0.949387	17.988394	0.179793	0.00000001041009767278
23300	0.949277	17.959741	0.179526	0.00000000077863049341
23400	0.949371	18.001375	0.179936	0.00000000568477531715
23500	0.949441	18.076498	0.180683	0.00000000432046221022
23600	0.949521	18.177330	0.181685	0.00000000990214843455
23700	0.949513	18.154564	0.181466	0.00000001757895873311
23800	0.949440	18.127888	0.181198	0.00000001338388955219
23900	0.949302	18.104525	0.180974	0.00000001568094631921
24000	0.949347	18.086884	0.180793	0.00000002424600964446
24100	0.949353	18.112726	0.181049	0.00000001655889647623
24200	0.949327	18.100338	0.180918	0.00000000564695312733
24300	0.949298	18.088399	0.180802	0.00000001634500179648
24400	0.949334	18.097419	0.180885	0.00000002317794667306
24500	0.949315	18.112601	0.181044	0.00000001950366979031
24600	0.949384	18.134903	0.181255	0.00000002088002304390
24700	0.949368	18.120095	0.181107	0.00000002763769657577
24800	0.949344	18.096017	0.180874	0.00000002422084932618
24900	0.949341	18.083844	0.180752	0.00000002002524013278
25000	0.949341	18.088908	0.180812	0.00000002849536073768
25100	0.949319	18.113368	0.181059	0.00000003368239376300
25200	0.949249	18.084703	0.180771	0.00000002573655066840
25300	0.949276	18.112664	0.181053	0.00000002237978691255
25400	0.949350	18.133246	0.181262	0.00000002375492869078
25500	0.949331	18.119415	0.181124	0.00000002221525363666
25600	0.949323	18.118898	0.181121	0.00000002459589509840
25700	0.949325	18.111935	0.181053	0.00000002290969192131
25800	0.949248	18.080703	0.180743	0.00000001223607171141
25900	0.949217	18.052317	0.180466	0.00000002154487432904
26000	0.949324	18.085991	0.180797	0.00000001878432343005
26100	0.949396	18.104757	0.180968	0.00000001298681695516
26200	0.949358	18.107273	0.180997	0.00000000725972171267
26300	0.949385	18.096710	0.180888	0.00000001827025997159
26400	0.949413	18.100231	0.180926	0.00000001497042845244
26500	0.949438	18.093041	0.180853	0.00000001195837739942
26600	0.949395	18.067116	0.180602	0.00000002142713739772
26700	0.949405	18.053773	0.180470	0.00000005354144150260
26800	0.949406	18.045805	0.180389	0.00000004623334959319
26900	0.949451	18.062844	0.180550	0.00000003581076768455
27000	0.949443	18.043747	0.180365	0.00000004533783837246
27100	0.949485	18.051412	0.180443	0.00000003337663301295
27200	0.949492	18.045504	0.180377	0.00000004088006377856
27300	0.949504	18.036605	0.180291	0.00000003747631183160
27400	0.949478	18.019405	0.180120	0.00000003753292432407
27500	0.949421	18.020892	0.180140	0.00000004548713761210
27600	0.949417	18.067461	0.180605	0.00000005737313202303
27700	0.949403	18.075045	0.180683	0.00000004727219504730
27800	0.949319	18.044977	0.180397	0.00000003330297104753
27900	0.949347	18.061203	0.180561	0.00000004181061186159
28000	0.949413	18.099650	0.180939	0.00000002960173617339
28100	0.949366	18.086973	0.180820	0.00000002802217125009
28200	0.949338	18.080126	0.180755	0.00000004390364694018
28300	0.949299	18.058354	0.180547	0.00000004314036061714
28400	0.949200	18.043507	0.180407	0.00000003538631077049
28500	0.949191	18.051360	0.180480	0.00000002517275632385
28600	0.949133	18.027670	0.180243	0.00000002308703628273
28700	0.949065	17.997749	0.179953	0.00000002672398480286
28800	0.949068	17.993218	0.179905	0.00000003166943329802
28900	0.948978	17.967551	0.179665	0.00000002807701804386
29000	0.948958	17.950948	0.179502	0.00000004443035095392
29100	0.948983	17.938221	0.179375	0.00000005419593662737
29200	0.948977	17.927190	0.179261	0.00000004597372083026
29300	0.949011	17.938618	0.179367	0.00000004260515140686
29400	0.949087	17.994647	0.179929	0.00000006662925144951
29500	0.949023	17.972523	0.179711	0.00000006497542415218
29600	0.949015	17.971683	0.179707	0.00000005458171870032
29700	0.949023	17.974440	0.179741	0.00000004622730997994
29800	0.949021	17.969665	0.179686	0.00000005654925772092
29900	0.948977	17.951165	0.179508	0.00000005497582833414
30000	0.948969	17.952682	0.179526	0.00000005867318719766
30100	0.948907	17.928570	0.179291	0.00000004119624819054
30200	0.949011	17.976842	0.179757	0.00000003139569670907
30300	0.948985	17.960215	0.179598	0.00000001594820631112
30400	0.949003	17.945768	0.179454	0.00000002869169790642
30500	0.949058	17.956300	0.179555	0.00000003851759089457
30600	0.949041	17.954519	0.179540	0.00000003406727699939
30700	0.949051	17.956531	0.179564	0.00000002128752996100
30800	0.949034	17.964541	0.179647	0.00000003438076845441
30900	0.948965	17.946663	0.179479	0.00000003007654214571
31000	0.948886	17.923346	0.179255	0.00000002585223057849
31100	0.948913	17.923291	0.179256	0.00000001891773493412
31200	0.948918	17.910197	0.179124	0.00000000426799218189
31300	0.948883	17.919830	0.179223	0.00000001003373029107
31400	0.948885	17.914449	0.179166	0.00000001139946448347
31500	0.948963	17.948871	0.179494	0.00000000370409125594
31600	0.949016	18.076771	0.180776	0.00000000105081454649
31700	0.949003	18.065888	0.180665	0.00000000369004027334
31800	0.948967	18.048213	0.180496	0.00000000214583906200
31900	0.948940	18.023233	0.180243	0.00000000188969906390
32000	0.948941	18.017167	0.180183	0.00000000767731123119
32100	0.948930	17.999053	0.180002	0.00000000735494154469
32200	0.948897	17.992349	0.179937	0.00000000570220493046
32300	0.948871	17.977809	0.179799	0.00000000679391831682
32400	0.948944	18.013751	0.180149	0.00000001012577399706
32500	0.948936	18.006272	0.180078	0.00000000639246877654
32600	0.948955	17.988584	0.179899	0.00000000363489860433
32700	0.948995	17.995464	0.179968	0.00000000078424022831
32800	0.948932	17.974556	0.179767	0.00000001364723800634
32900	0.948899	17.964720	0.179675	0.00000001262667481683
33000	0.948932	17.967296	0.179699	0.00000002270621379807
33100	0.948891	17.962936	0.179663	0.00000002248358654811
33200	0.948907	17.980494	0.179843	0.00000002396872389454
33300	0.948901	17.985654	0.179894	0.00000003824094463312
33400	0.948845	17.970790	0.179750	0.00000004347129234361
33500	0.948788	17.953286	0.179584	0.00000003681100579911
33600	0.948829	17.962012	0.179675	0.00000004514330598226
33700	0.948807	17.950399	0.179562	0.00000004681025700393
33800	0.948860	17.952669	0.179577	0.00000004422017596539
33900	0.948838	17.936761	0.179415	0.00000003788958480300
34000	0.948836	17.925934	0.179314	0.00000004850863177808
34100	0.948761	17.903577	0.179093	0.00000005686672466254
34200	0.948755	17.890477	0.178961	0.00000005984681905602
34300	0.948760	17.872680	0.178775	0.00000004189580948832
34400	0.948764	17.874681	0.178796	0.00000004184479962532
34500	0.948717	17.853878	0.178592	0.00000002888554107017
34600	0.948731	17.854367	0.178591	0.00000002964925016613
34700	0.948734	17.846455	0.178517	0.00000002869142434747
34800	0.948794	17.849202	0.178536	0.00000002653920105899
34900	0.948843	17.884561	0.178888	0.00000001720065156974
35000	0.948943	17.936676	0.179402	0.00000001664016480163
35100	0.948854	17.918540	0.179230	0.00000002707415092118
35200	0.948855	17.917883	0.179222	0.00000002999339798748
35300	0.948848	17.921587	0.179260	0.00000002724097569740
35400	0.948846	17.918365	0.179229	0.00000002808927490605
35500	0.948844	17.920493	0.179255	0.00000002377602115189
35600	0.948871	17.917299	0.179221	0.00000001894334289432
35700	0.948853	17.900149	0.179054	0.00000002836242884996
35800	0.948861	17.896828	0.179017	0.00000003562397310475
35900	0.948837	17.879130	0.178834	0.00000003690935912459
36000	0.948814	17.865343	0.178692	0.00000003634061940261
36100	0.948814	17.865336	0.178692	0.00000003634060163904
100	0.963622	26.649147	0.273949	0.00000000000510169684
200	0.975758	32.534197	0.330113	0.00000000007517542144
300	0.976435	29.443431	0.297827	0.00000000004857270142
400	0.980335	60.748618	0.611044	0.00000000012489920209
500	0.984268	123.252289	1.236953	0.00000000023651125503
600	0.986890	149.793202	1.498803	0.00000000032110847314
700	0.988763	159.262423	1.591917	0.00000000041296743802
800	0.989522	146.468376	1.463713	0.00000000013190515347
900	0.988801	133.662570	1.337447	0.00000000010447820387
1000	0.989676	129.088738	1.290314	0.00000000026716406865
1100	0.990373	124.013034	1.239700	0.00000000057067950365
1200	0.991176	128.913432	1.289015	0.00000000103020170172
1300	0.991063	123.053685	1.229437	0.00000000102609476471
1400	0.991665	121.545240	1.213920	0.00000000045268677695
1500	0.992077	120.224617	1.200426	0.00000000035119285258
1600	0.992572	119.070827	1.188590	0.00000000032268587802
1700	0.992866	116.897777	1.166505	0.00000000096159169516
1800	0.992918	113.410517	1.132028	0.00000000124779830912
1900	0.992010	109.199514	1.090256	0.00000000023332802357
2000	0.991432	105.221825	1.050395	0.00000000010484768609
2100	0.991840	112.060131	1.117721	0.00000000051646509291
2200	0.992211	114.348377	1.141395	0.00000000022308199732
2300	0.991766	111.969946	1.118071	0.00000000043272052608
2400	0.991690	109.051778	1.088920	0.00000000020253310140
2500	0.991972	111.947281	1.116804	0.00000000081585938005
2600	0.992281	127.788727	1.274261	0.00000000029815794278
2700	0.992567	148.945514	1.485225	0.00000000155040424943
2800	0.992832	166.011220	1.655808	0.00000000139772282637
2900	0.993079	179.481997	1.790319	0.00000000030019009500
3000	0.993310	192.927404	1.924166	0.00000000109145048555
3100	0.993526	198.410543	1.979696	0.00000000036064307096
3200	0.993728	198.508515	1.981091	0.00000000012926193449
3300	0.993918	199.258405	1.988329	0.00000000005448441698
3400	0.994097	199.038634	1.986296	0.00000000073578121373
3500	0.994266	195.990030	1.956206	0.00000000064397909227
3600	0.994168	193.948858	1.936377	0.00000000148256162902
3700	0.994146	190.314509	1.900894	0.00000000108801145871
3800	0.994300	188.010718	1.877174	0.00000000006303935152
3900	0.994130	184.722941	1.844131	0.00000000036013148019
4000	0.993545	180.679968	1.804172	0.00000000037869085645
4100	0.993370	177.354785	1.770728	0.00000000051338133744
4200	0.992780	173.787810	1.736332	0.00000000026324187274
4300	0.992935	173.429206	1.732414	0.00000000005113065527
4400	0.993096	174.688771	1.744505	0.00000000164456537277
4500	0.993249	176.257023	1.760343	0.00000000279555933957
4600	0.993058	173.712327	1.735131	0.00000000266166466645
4700	0.993205	172.516611	1.722390	0.00000000295793256555
4800	0.993230	170.849385	1.705874	0.00000000002830802259
4900	0.993103	168.314430	1.680677	0.00000000220455831368
5000	0.992849	165.669555	1.654511	0.00000000061780269789
5100	0.992421	163.052847	1.628644	0.00000000068965277933
5200	0.992486	161.903647	1.616999	0.00000000217420392801
5300	0.992567	161.360466	1.611869	0.00000000197687199943
5400	0.992644	160.647166	1.604284	0.00000000165678670783
5500	0.992778	160.531349	1.602570	0.00000000232640218201
5600	0.992673	158.569564	1.582988	0.00000000245674414145
5700	0.992619	156.968535	1.567015	0.00000000063565153141
5800	0.992701	155.553166	1.552996	0.00000000228590124607
5900	0.992825	155.360332	1.550568	0.00000000360182639270
6000	0.992944	154.175278	1.538754	0.00000000375345621251
6100	0.993058	153.110788	1.527777	0.00000000397469079871
6200	0.992960	151.829761	1.515178	0.00000000423503365710
6300	0.992829	150.532552	1.502121	0.00000000611092332292
6400	0.992941	150.964983	1.506639	0.00000000215578666030
6500	0.992900	150.113452	1.498096	0.00000000385162479688
6600	0.992840	148.547392	1.482607	0.00000000419453272116
6700	0.992891	147.216126	1.469649	0.00000000684016754349
6800	0.992856	145.639366	1.453781	0.00000000517266585121
6900	0.992959	144.602222	1.443453	0.00000000513227860210
7000	0.992897	143.141459	1.428902	0.00000000194680183085
7100	0.992982	143.208529	1.429312	0.00000000129682575789
7200	0.993080	144.250029	1.439437	0.00000000070093619797
7300	0.993175	144.913810	1.445986	0.00000000166036784321
7400	0.993267	147.475066	1.471480	0.00000000569994540456
7500	0.993357	150.826218	1.504983	0.00000000684929091221
7600	0.993444	151.334519	1.510205	0.00000000675731826050
7700	0.993529	152.699666	1.523424	0.00000000506116748511
7800	0.993612	155.865087	1.554985	0.00000000462136995338
7900	0.993693	157.793331	1.574323	0.00000000441309566668
8000	0.993772	157.347211	1.569787	0.00000000683743905938
8100	0.993635	156.120877	1.558077	0.00000001136328364737
8200	0.993397	154.726744	1.544293	0.00000001291766693612
8300	0.993376	153.797860	1.535061	0.00000001675593352957
8400	0.993435	152.942947	1.526343	0.00000001873772248473
8500	0.993255	151.490279	1.511879	0.00000002203759663644
8600	0.993252	150.320097	1.500230	0.00000002221543127234
8700	0.993236	149.433165	1.491089	0.00000002416553002149
8800	0.993313	149.202760	1.489163	0.00000002324992465219
8900	0.993215	148.019401	1.477238	0.00000002345765892642
9000	0.993288	147.420400	1.471251	0.00000001874673216662
9100	0.993284	146.451828	1.461808	0.00000001840996333158
9200	0.993180	145.209985	1.449346	0.00000001895716650324
9300	0.993137	144.366369	1.441037	0.00000002127606535396
9400	0.992815	143.063623	1.428247	0.00000002216322059212
9500	0.992687	142.002222	1.417653	0.00000002675491828086
9600	0.992763	141.468725	1.412217	0.00000003309921225991
9700	0.992652	140.338616	1.401015	0.00000002477821681168
9800	0.992579	139.754584	1.395205	0.00000002089430495289
9900	0.992654	139.879783	1.396371	0.00000002299194079569
10000	0.992728	140.418928	1.401761	0.00000002106745000674
10100	0.992800	141.260089	1.409989	0.00000001903697466332
10200	0.992870	141.983047	1.417111	0.00000002053332082141
10300	0.992940	141.866906	1.415912	0.00000002168090418309
10400	0.992827	141.102804	1.408505	0.00000002102046892105
10500	0.992703	140.007991	1.397726	0.00000002004762222896
10600	0.992448	138.907287	1.386928	0.00000002159089262932
10700	0.992512	138.323965	1.381092	0.00000001577788566465
10800	0.992475	137.383707	1.371743	0.00000001628103518669
10900	0.992297	136.376884	1.361766	0.00000001212154643326
11000	0.991959	135.288630	1.351148	0.00000001051083131642
11100	0.991891	134.351136	1.341778	0.00000000420993728767
11200	0.991913	133.774094	1.336044	0.00000000423614210376
11300	0.991949	133.012883	1.328573	0.00000000445490400125
11400	0.992020	132.740235	1.325894	0.00000000360552121492
11500	0.992089	133.377929	1.332298	0.00000000190436821867
11600	0.992157	133.420500	1.332816	0.00000000138223299473
11700	0.992208	133.203937	1.330478	0.00000000028495605875
11800	0.992274	133.402160	1.332441	0.00000000153747237164
11900	0.992339	133.394117	1.332232	0.00000000124418875203
12000	0.992403	133.909395	1.337121	0.00000000211261408367
12100	0.992466	135.338929	1.351467	0.00000000283765189124
12200	0.992527	137.637724	1.374195	0.00000000109048414743
12300	0.992588	138.934976	1.387141	0.00000000306999936583
12400	0.992648	138.569414	1.383462	0.00000000024553514777
12500	0.992484	137.811519	1.376046	0.00000000015472778614
12600	0.992531	137.172410	1.369661	0.00000000426862811764
12700	0.992589	137.175889	1.369595	0.00000000169222857949
12800	0.992647	137.445389	1.372297	0.00000000490672391606
12900	0.992631	136.875983	1.366649	0.00000000523260723639
13000	0.992534	136.049912	1.358455	0.00000000609907147009
13100	0.992429	135.283931	1.350836	0.00000000499969132761
13200	0.992486	135.139127	1.349443	0.00000000252913423537
13300	0.992433	134.643186	1.344541	0.00000000141773170981
13400	0.992489	135.419143	1.352228	0.00000000177490733222
13500	0.992545	136.377498	1.361867	0.00000000254703991232
13600	0.992591	136.277802	1.360986	0.00000000152786583385
13700	0.992448	135.418097	1.352439	0.00000000830937096907
13800	0.992392	135.018636	1.348347	0.00000000635333208265
13900	0.992391	134.733667	1.345575	0.00000000462026150672
14000	0.992445	134.419990	1.342416	0.00000000560385160497
14100	0.992427	133.853244	1.336706	0.00000000535902699994
14200	0.992480	133.920773	1.337357	0.00000001461188503527
14300	0.992524	133.830879	1.336464	0.00000001728713527882
14400	0.992552	133.296538	1.331052	0.00000000815708744994
14500	0.992547	132.803563	1.326019	0.00000000796183030616
14600	0.992598	132.800515	1.326153	0.00000001313338771070
14700	0.992517	132.238066	1.320592	0.00000001040220354298
14800	0.992423	131.568035	1.313920	0.00000001134654326052
14900	0.992427	131.207624	1.310215	0.00000001131081717176
15000	0.992478	132.751887	1.325499	0.00000001549236117171
15100	0.992528	134.707491	1.345119	0.00000001502920099483
15200	0.992577	136.468648	1.362593	0.00000002296087586728
15300	0.992625	137.632753	1.374174	0.00000002921024133684
15400	0.992673	138.538498	1.383157	0.00000003255527758483
15500	0.992721	139.576658	1.393551	0.00000003183117769368
15600	0.992767	140.216609	1.399906	0.00000002948991095764
15700	0.992813	141.471268	1.412287	0.00000002579139390946
15800	0.992859	142.306920	1.420541	0.00000002397135290266
15900	0.992904	142.630557	1.423782	0.00000002060781412183
16000	0.992788	142.118955	1.418908	0.00000001818324335545
16100	0.992758	141.507639	1.412780	0.00000002075091742881
16200	0.992681	140.844228	1.406236	0.00000002464096837684
16300	0.992598	140.206630	1.399980	0.00000002648647523529
16400	0.992643	140.829104	1.406234	0.00000002495630724297
16500	0.992688	141.594645	1.413900	0.00000002084206585096
16600	0.992732	142.240040	1.420344	0.00000001935836735356
16700	0.992646	141.663648	1.414715	0.00000001872535904113
16800	0.992619	141.070285	1.408812	0.00000002426111223031
16900	0.992583	140.458625	1.402736	0.00000002923448505499
17000	0.992462	139.899387	1.397110	0.00000003850155394503
17100	0.992506	139.588536	1.393899	0.00000003485087063382
17200	0.992362	138.945331	1.387635	0.00000003682382043735
17300	0.992376	138.504999	1.383163	0.00000003702146500473
17400	0.992363	138.018164	1.378306	0.00000003357504851920
17500	0.992184	137.382533	1.372100	0.00000002991478709191
17600	0.992080	136.863725	1.366970	0.00000002802067911034
17700	0.991973	136.230800	1.360681	0.00000003077687438235
17800	0.992018	136.161384	1.359932	0.00000003465910936029
17900	0.991992	135.973593	1.358033	0.00000003220887379030
18000	0.991989	135.627642	1.354485	0.00000002925844455604
18100	0.991994	135.122618	1.349389	0.00000002238456886516
18200	0.991983	134.598209	1.344140	0.00000001904348323478
18300	0.991997	134.162704	1.339840	0.00000001774787961040
18400	0.991958	133.608792	1.334355	0.00000000992082505036
18500	0.991965	133.213000	1.330465	0.00000000970686642177
18600	0.992009	132.971479	1.328034	0.00000000401303168474
18700	0.991990	132.806470	1.326410	0.00000000328518012793
18800	0.992033	133.936057	1.337550	0.00000000375618469661
18900	0.992075	135.915115	1.357360	0.00000000269534439212
19000	0.992117	137.939974	1.377588	0.00000000312169845529
19100	0.992158	139.872808	1.396864	0.00000001508766445113
19200	0.992199	141.071434	1.408843	0.00000001161760110335
19300	0.992239	141.935969	1.417392	0.00000000619721163275
19400	0.992279	142.865537	1.426726	0.00000001821666728574
19500	0.992286	142.630177	1.424419	0.00000001714892050586
19600	0.992186	142.066468	1.418857	0.00000002257257847305
19700	0.992060	141.484197	1.413127	0.00000003187426500517
19800	0.991938	140.860324	1.407029	0.00000002493169404261
19900	0.991887	140.390596	1.402325	0.00000002127040943378
20000	0.991802	139.901959	1.397545	0.00000001726650111777
20100	0.991829	139.607382	1.394615	0.00000001996522769332
20200	0.991869	139.588913	1.394381	0.00000001767091362126
20300	0.991835	139.238622	1.390867	0.00000001956973960660
20400	0.991789	138.713221	1.385662	0.00000001674430905041
20500	0.991801	138.458319	1.383094	0.00000000871662564350
20600	0.991815	138.059597	1.379069	0.00000000316941850542
20700	0.991832	137.717669	1.375690	0.00000000924532628233
20800	0.991809	137.409603	1.372619	0.00000000825835400065
20900	0.991848	137.115460	1.369590	0.00000001572078645040
21000	0.991887	137.635111	1.374693	0.00000001873453925327
21100	0.991925	138.304855	1.381326	0.00000002569925072748
21200	0.991963	138.773791	1.385887	0.00000001312130848419
21300	0.992001	138.770271	1.385798	0.00000001826606421673
21400	0.992023	138.319907	1.381291	0.00000001870284904726
21500	0.992060	138.164257	1.379676	0.00000002088776795972
21600	0.992033	137.719864	1.375184	0.00000000510533482156
21700	0.991994	137.295401	1.370959	0.00000000210593498196
21800	0.991848	136.755113	1.365681	0.00000000585248471907
21900	0.991791	136.243213	1.360608	0.00000000601090732744
22000	0.991757	135.791086	1.356063	0.00000000454005544270
22100	0.991794	135.906327	1.357177	0.00000000280385847873
22200	0.991831	136.289529	1.361035	0.00000000953633616518
22300	0.991868	136.273447	1.360895	0.00000000715135684004
22400	0.991890	135.898285	1.357164	0.00000000987560611065
22500	0.991837	135.550962	1.353807	0.00000000009481482266
22600	0.991844	135.226609	1.350569	0.00000000385497855859
22700	0.991880	135.226855	1.350576	0.00000000567709435018
22800	0.991915	135.052567	1.348790	0.00000000330030047735
22900	0.991916	134.767748	1.345904	0.00000000921181708691
23000	0.991893	134.313341	1.341374	0.00000000622389961791
23100	0.991848	133.890936	1.337149	0.00000000661992771711
23200	0.991866	133.854290	1.336744	0.00000001063341414920
23300	0.991798	133.393788	1.332187	0.00000000404207867177
23400	0.991797	133.100087	1.329221	0.00000000128798660626
23500	0.991724	132.737022	1.325707	0.00000000973707869889
23600	0.991681	132.558284	1.323879	0.00000000978795355877
23700	0.991716	132.992533	1.328203	0.00000000608440586802
23800	0.991746	133.001923	1.328276	0.00000000969222924141
23900	0.991772	132.750466	1.325707	0.00000001519433112662
24000	0.991699	132.388970	1.322150	0.00000000323228732668
24100	0.991658	132.051782	1.318836	0.00000001388661985402
24200	0.991668	131.748616	1.315730	0.00000000990377202470
24300	0.991657	131.446427	1.312725	0.00000000907439812181
24400	0.991542	131.001590	1.308324	0.00000000724472215552
24500	0.991482	130.611967	1.304499	0.00000000480375206280
24600	0.991494	130.319853	1.301523	0.00000000188188664652
24700	0.991478	129.949162	1.297861	0.00000000637896846456
24800	0.991416	129.513212	1.293554	0.00000000816481815491
24900	0.991413	129.206182	1.290490	0.00000000738373273634
25000	0.991391	128.869848	1.287175	0.00000000590020476920
25100	0.991421	128.805301	1.286441	0.00000000645957243250
25200	0.991455	129.783347	1.296115	0.00000001391509840687
25300	0.991488	131.038686	1.308548	0.00000001302436203332
25400	0.991522	131.905328	1.317261	0.00000001771263669070
25500	0.991555	132.192885	1.320149	0.00000001789194925550
25600	0.991588	132.381902	1.322062	0.00000000883110828909
25700	0.991608	132.152562	1.319733	0.00000000955665768743
25800	0.991641	132.603865	1.324162	0.00000001025745177685
25900	0.991673	133.053744	1.328627	0.00000001057375698110
26000	0.991705	133.392148	1.331963	0.00000001180933395517
26100	0.991737	133.722789	1.335245	0.00000001044190867105
26200	0.991768	134.379959	1.341760	0.00000001227414259120
26300	0.991800	135.075110	1.348779	0.00000000520842036167
26400	0.991745	134.723531	1.345247	0.00000001169374286292
26500	0.991776	134.689424	1.344859	0.00000001150465323008
26600	0.991775	134.341229	1.341367	0.00000000859876081449
26700	0.991759	134.047241	1.338504	0.00000000798613086772
26800	0.991698	133.703467	1.335138	0.00000001599332222213
26900	0.991728	133.614160	1.334175	0.00000002272983579132
27000	0.991732	133.360810	1.331646	0.00000002413210609120
27100	0.991709	133.042814	1.328532	0.00000002890658379329
27200	0.991704	132.676202	1.324836	0.00000002696529577406
27300	0.991735	132.513375	1.323161	0.00000002839286139533
27400	0.991738	132.241960	1.320421	0.00000001176914565804
27500	0.991744	131.966872	1.317606	0.00000001326975507254
27600	0.991688	131.602149	1.313964	0.00000004569878342409
27700	0.991711	131.414822	1.312016	0.00000004913690077046
27800	0.991741	131.590339	1.313721	0.00000004456549618226
27900	0.991726	131.264289	1.310551	0.00000004371079853627
28000	0.991668	130.901484	1.306947	0.00000005538669256566
28100	0.991653	130.602196	1.303902	0.00000006703618282700
28200	0.991660	130.373889	1.301646	0.00000007553219916190
28300	0.991586	130.001431	1.297958	0.00000008393186590183
28400	0.991556	129.696506	1.294934	0.00000007738449880890
28500	0.991529	129.521988	1.293157	0.00000008517406513420
28600	0.991558	130.108972	1.299014	0.00000010034764841294
28700	0.991588	130.729231	1.305174	0.00000010825777962964
28800	0.991617	131.300410	1.310871	0.00000010148340834348
28900	0.991646	131.840090	1.316240	0.00000010795676530506
29000	0.991615	131.579404	1.313701	0.00000010854034826480
29100	0.991612	131.445810	1.312283	0.00000010891227475440
29200	0.991641	131.823548	1.316030	0.00000010833778674169
29300	0.991669	132.407918	1.321833	0.00000010286166229889
29400	0.991698	132.770163	1.325384	0.00000011530681831573
29500	0.991726	132.920138	1.326913	0.00000010976586395373
29600	0.991754	132.894680	1.326695	0.00000010699349672905
29700	0.991770	132.624848	1.323999	0.00000010877784006880
29800	0.991727	132.265417	1.320458	0.00000010785845461214
29900	0.991749	132.115852	1.318950	0.00000008741511692278
30000	0.991767	131.941508	1.317238	0.00000008710745191820
30100	0.991700	131.586869	1.313727	0.00000008204875712181
30200	0.991660	131.252716	1.310447	0.00000008868093459569
30300	0.991676	131.159067	1.309477	0.00000009043776572071
30400	0.991628	130.820376	1.306168	0.00000008902182457859
30500	0.991637	130.609669	1.304019	0.00000010026258223661
30600	0.991664	130.497358	1.302938	0.00000009019714752867
30700	0.991691	130.544755	1.303385	0.00000010043984843833
30800	0.991718	130.778574	1.305674	0.00000011746848826988
30900	0.991745	131.212878	1.310021	0.00000013007360166739
31000	0.991771	131.584155	1.313723	0.00000011772942798416
31100	0.991798	131.946441	1.317294	0.00000010553131346569
31200	0.991824	132.133491	1.319146	0.00000010711545428421
31300	0.991829	132.028887	1.318092	0.00000011122287446597
31400	0.991810	131.718243	1.315000	0.00000010454385801495
31500	0.991802	131.413080	1.311927	0.00000011295566082481
31600	0.991741	131.079680	1.308658	0.00000011788756637543
31700	0.991767	131.068081	1.308547	0.00000010685494089557
31800	0.991766	130.973442	1.307623	0.00000011077179351560
31900	0.991792	130.999002	1.307867	0.00000011526887533364
32000	0.991749	130.768670	1.305614	0.00000009692797675598
32100	0.991713	130.546397	1.303391	0.00000011658815424198
32200	0.991732	130.511066	1.303052	0.00000010319746479581
32300	0.991678	130.235445	1.300375	0.00000011151541912113
32400	0.991630	129.927952	1.297317	0.00000011845392577925
32500	0.991578	129.663629	1.294688	0.00000011435329838605
32600	0.991545	129.345468	1.291572	0.00000012195545195937
32700	0.991546	129.273853	1.290780	0.00000012322144016252
32800	0.991486	128.997750	1.288090	0.00000011781870057348
32900	0.991461	128.786047	1.286051	0.00000012456911235859
33000	0.991421	128.503511	1.283305	0.00000012022294981762
33100	0.991396	128.227505	1.280590	0.00000013371729323808
33200	0.991361	127.940647	1.277783	0.00000013432219247989
33300	0.991326	127.638232	1.274738	0.00000012947272409747
33400	0.991283	127.368780	1.272039	0.00000013635167306347
33500	0.991292	127.153642	1.269899	0.00000012178303165911
33600	0.991282	126.883213	1.267238	0.00000011822145040696
33700	0.991286	126.617739	1.264605	0.00000011400986466015
33800	0.991293	126.348773	1.261961	0.00000010245298653899
33900	0.991268	126.116409	1.259672	0.00000007628041487351
34000	0.991294	126.059432	1.259081	0.00000007444154448422
34100	0.991237	125.866105	1.257175	0.00000008772737203344
34200	0.991244	125.740146	1.255889	0.00000007861679307553
34300	0.991230	125.543564	1.253947	0.00000007661063250453
34400	0.991239	125.314852	1.251669	0.00000008137750739934
34500	0.991209	125.155045	1.250037	0.00000007481678210297
34600	0.991234	125.321910	1.251702	0.00000007021830583653
34700	0.991259	125.568781	1.254120	0.00000006224497894891
34800	0.991284	125.774202	1.256123	0.00000007646890765045
34900	0.991299	125.601180	1.254416	0.00000007912508692698
35000	0.991324	125.460257	1.252965	0.00000007068841512137
35100	0.991349	125.557989	1.253890	0.00000006989152723236
35200	0.991373	125.517683	1.253510	0.00000007179795602497
35300	0.991349	125.248608	1.250866	0.00000006337205604723
35400	0.991333	124.999751	1.248392	0.00000005792486490463
35500	0.991275	124.737951	1.245815	0.00000005944222891685
35600	0.991299	125.096249	1.249314	0.00000006267525520798
35700	0.991324	125.392481	1.252262	0.00000005934225555393
35800	0.991337	125.166769	1.250017	0.00000005612442066649
35900	0.991292	124.882494	1.247215	0.00000004700741840225
36000	0.991304	124.662511	1.245012	0.00000004562490119042
36100	0.991304	124.662499	1.245012	0.00000004562490119042
